1,10532,1,6601.125000000,7000,46.207875000,0,5.000000000,3,0.000000000,0.000000000,0.000000000,150000,0.000000000,4038.000000000,0.000000000,1.750000000,1,2.000000000,2,0.000000000,4038.000000000,0.000000000,38.000000000,4.000000000,0,1.000000000,1.000000000,0.069000000,4.615000000,3.846000000
2,10532,2,6601.125000000,9800,64.691025000,0,5.000000000,3,0.000000000,0.000000000,0.000000000,210000,0.000000000,4038.000000000,0.000000000,1.750000000,1,2.000000000,2,0.000000000,4038.000000000,0.000000000,38.000000000,4.000000000,0,1.000000000,1.000000000,0.049000000,3.297000000,2.747000000
3,10532,3,6601.125000000,15260,100.733167500,0,5.000000000,3,0.000000000,0.000000000,0.000000000,327000,0.000000000,4038.000000000,0.000000000,1.750000000,1,2.000000000,4,0.000000000,4038.000000000,0.000000000,38.000000000,4.000000000,0,1.000000000,1.000000000,0.064000000,4.234000000,3.529000000
4,10532,4,6601.125000000,15260,100.733167500,0,5.000000000,3,0.000000000,0.000000000,0.000000000,327000,0.000000000,4038.000000000,0.000000000,1.750000000,1,2.000000000,4,0.000000000,4038.000000000,0.000000000,38.000000000,4.000000000,0,1.000000000,1.000000000,0.064000000,4.234000000,3.529000000
5,10993,1,24110.000000000,11000,265.210000000,0,8.000000000,3,24.000000000,0.000000000,0.000000000,176400,0.000000000,4825.000000000,0.000000000,1.640000000,1,2.000000000,3,0.000000000,3217.000000000,0.000000000,26.000000000,4.000000000,0,1.000000000,1.000000000,0.151000000,7.611000000,0.667000000
6,10993,2,24110.000000000,15400,371.294000000,0,8.000000000,3,24.000000000,0.000000000,0.000000000,246960,0.000000000,4825.000000000,0.000000000,1.640000000,1,2.000000000,3,0.000000000,3217.000000000,0.000000000,26.000000000,4.000000000,0,1.000000000,1.000000000,0.151000000,7.611000000,0.667000000
7,10993,3,24110.000000000,23980,578.157800000,0,8.000000000,3,24.000000000,0.000000000,0.000000000,384552,0.000000000,4825.000000000,0.000000000,1.640000000,1,2.000000000,6,0.000000000,3217.000000000,0.000000000,26.000000000,4.000000000,0,1.000000000,1.000000000,0.139000000,6.983000000,0.612000000
8,10993,4,24110.000000000,23980,578.157800000,0,8.000000000,3,24.000000000,0.000000000,0.000000000,384552,0.000000000,4825.000000000,0.000000000,1.640000000,1,2.000000000,6,0.000000000,3217.000000000,0.000000000,26.000000000,4.000000000,0,1.000000000,1.000000000,0.139000000,6.983000000,0.612000000
9,11010,1,11754.400000000,5917,69.550784800,0,20.000000000,2,20.000000000,0.000000000,0.000000000,112385,0.000000000,4300.000000000,0.000000000,1.760000000,1,2.000000000,1,0.000000000,3071.000000000,0.000000000,33.000000000,4.000000000,0,1.000000000,1.000000000,0.119000000,4.983000000,0.623000000
10,11010,2,11754.400000000,8284,97.373449600,0,20.000000000,2,20.000000000,0.000000000,0.000000000,157339,0.000000000,4300.000000000,0.000000000,1.760000000,1,2.000000000,1,0.000000000,3071.000000000,0.000000000,33.000000000,4.000000000,0,1.000000000,1.000000000,0.025000000,1.059000000,0.320000000
11,11010,3,11754.400000000,12900,151.631760000,0,20.000000000,2,20.000000000,0.000000000,0.000000000,245000,0.000000000,4300.000000000,0.000000000,1.760000000,1,2.000000000,2,0.000000000,3071.000000000,0.000000000,33.000000000,4.000000000,0,1.000000000,1.000000000,0.109000000,4.571000000,0.571000000
12,11010,4,11754.400000000,12900,151.631760000,0,20.000000000,2,20.000000000,0.000000000,0.000000000,245000,0.000000000,4300.000000000,0.000000000,1.760000000,1,2.000000000,2,0.000000000,3071.000000000,0.000000000,33.000000000,4.000000000,0,1.000000000,1.000000000,0.109000000,4.571000000,0.571000000
13,11905,1,16.390000000,9725,0.159392750,0,10.000000000,3,7.000000000,0.000000000,0.000000000,123853,0.000000000,4907.000000000,0.000000000,1.960000000,1,2.000000000,2,0.000000000,2304.000000000,0.000000000,25.000000000,4.000000000,0,1.000000000,1.000000000,0.092000000,6.398000000,3.602000000
14,11905,2,16.390000000,13615,0.223149850,0,10.000000000,3,7.000000000,0.000000000,0.000000000,173394,0.000000000,4907.000000000,0.000000000,1.960000000,1,2.000000000,2,0.000000000,2304.000000000,0.000000000,25.000000000,4.000000000,0,1.000000000,1.000000000,0.066000000,4.570000000,2.573000000
15,11905,3,16.390000000,21200,0.347468000,0,10.000000000,3,7.000000000,0.000000000,0.000000000,270000,0.000000000,4907.000000000,0.000000000,1.960000000,1,2.000000000,4,0.000000000,2304.000000000,0.000000000,25.000000000,4.000000000,0,1.000000000,1.000000000,0.084000000,5.870000000,3.304000000
16,11905,4,16.390000000,21200,0.347468000,0,10.000000000,3,7.000000000,0.000000000,0.000000000,270000,0.000000000,4907.000000000,0.000000000,1.960000000,1,2.000000000,4,0.000000000,2304.000000000,0.000000000,25.000000000,4.000000000,0,1.000000000,1.000000000,0.084000000,5.870000000,3.304000000
17,12073,1,16.086000000,9908,0.159380088,0,10.000000000,3,7.000000000,0.000000000,0.000000000,123853,0.000000000,4907.000000000,0.000000000,1.960000000,1,2.000000000,2,0.000000000,2304.000000000,0.000000000,25.000000000,4.000000000,1,1.018868000,1.000000000,0.092000000,6.398000000,3.602000000
18,12073,2,16.086000000,13872,0.223144992,0,10.000000000,3,7.000000000,0.000000000,0.000000000,173394,0.000000000,4907.000000000,0.000000000,1.960000000,1,2.000000000,2,0.000000000,2304.000000000,0.000000000,25.000000000,4.000000000,1,1.018868000,1.000000000,0.066000000,4.570000000,2.573000000
19,12073,3,16.086000000,21600,0.347457600,0,10.000000000,3,7.000000000,0.000000000,0.000000000,270000,0.000000000,4907.000000000,0.000000000,1.960000000,1,2.000000000,4,0.000000000,2304.000000000,0.000000000,25.000000000,4.000000000,1,1.018868000,1.000000000,0.084000000,5.870000000,3.304000000
20,12073,4,16.086000000,21600,0.347457600,0,10.000000000,3,7.000000000,0.000000000,0.000000000,270000,0.000000000,4907.000000000,0.000000000,1.960000000,1,2.000000000,4,0.000000000,2304.000000000,0.000000000,25.000000000,4.000000000,1,1.018868000,1.000000000,0.084000000,5.870000000,3.304000000
21,13065,1,33959.000000000,5250,178.284750000,0,9.000000000,2,16.000000000,0.000000000,0.000000000,104286,0.000000000,4873.000000000,0.000000000,1.840000000,1,2.000000000,2,0.000000000,4873.000000000,0.000000000,36.000000000,4.000000000,0,1.000000000,1.000000000,0.214000000,28.000000000,0.280000000
22,13065,2,33959.000000000,7350,249.598650000,0,9.000000000,2,16.000000000,0.000000000,0.000000000,146000,0.000000000,4873.000000000,0.000000000,1.840000000,1,2.000000000,2,0.000000000,4873.000000000,0.000000000,36.000000000,4.000000000,0,1.000000000,1.000000000,0.153000000,20.000000000,0.200000000
23,13065,3,33959.000000000,11445,388.660755000,0,9.000000000,2,16.000000000,0.000000000,0.000000000,227343,0.000000000,4873.000000000,0.000000000,1.840000000,1,2.000000000,4,0.000000000,4873.000000000,0.000000000,36.000000000,4.000000000,0,1.000000000,1.000000000,0.196000000,25.688000000,0.257000000
24,13065,4,33959.000000000,11445,388.660755000,0,9.000000000,2,16.000000000,0.000000000,0.000000000,227343,0.000000000,4873.000000000,0.000000000,1.840000000,1,2.000000000,4,0.000000000,4873.000000000,0.000000000,36.000000000,4.000000000,0,1.000000000,1.000000000,0.196000000,25.688000000,0.257000000
25,13102,1,11370.000000000,5780,65.718600000,0,8.000000000,3,0.000000000,0.000000000,0.000000000,73394,0.000000000,5417.000000000,0.000000000,1.630000000,1,2.000000000,1,0.000000000,5417.000000000,0.000000000,43.000000000,4.000000000,1,2.100000000,1.000000000,0.357000000,13.852000000,3.633000000
26,13102,2,11370.000000000,8092,92.006040000,0,8.000000000,3,0.000000000,0.000000000,0.000000000,102752,0.000000000,5417.000000000,0.000000000,1.630000000,1,2.000000000,1,0.000000000,5417.000000000,0.000000000,43.000000000,4.000000000,1,2.100000000,1.000000000,0.255000000,9.894000000,2.595000000
27,13102,3,11370.000000000,12600,143.262000000,0,8.000000000,3,0.000000000,0.000000000,0.000000000,160000,0.000000000,5417.000000000,0.000000000,1.630000000,1,2.000000000,2,0.000000000,5417.000000000,0.000000000,43.000000000,4.000000000,1,2.100000000,1.000000000,0.327000000,12.708000000,3.333000000
28,13102,4,11370.000000000,12600,143.262000000,0,8.000000000,3,0.000000000,0.000000000,0.000000000,160000,0.000000000,5417.000000000,0.000000000,1.630000000,1,2.000000000,2,0.000000000,5417.000000000,0.000000000,43.000000000,4.000000000,1,2.100000000,1.000000000,0.327000000,12.708000000,3.333000000
29,13136,1,37983.000000000,8945,339.757935000,0,14.000000000,2,8.000000000,0.000000000,0.000000000,105505,0.000000000,5385.000000000,0.000000000,1.830000000,1,2.000000000,2,0.000000000,3231.000000000,0.000000000,22.000000000,4.000000000,0,1.000000000,1.000000000,0.096000000,9.391000000,5.450000000
30,13136,2,37983.000000000,12523,475.661109000,0,14.000000000,2,8.000000000,0.000000000,0.000000000,147706,0.000000000,5385.000000000,0.000000000,1.830000000,1,2.000000000,2,0.000000000,3231.000000000,0.000000000,22.000000000,4.000000000,0,1.000000000,1.000000000,0.006000000,0.006000000,0.006000000
31,13136,3,37983.000000000,19500,740.668500000,0,14.000000000,2,8.000000000,0.000000000,0.000000000,230000,0.000000000,5385.000000000,0.000000000,1.830000000,1,2.000000000,4,0.000000000,3231.000000000,0.000000000,22.000000000,4.000000000,0,1.000000000,1.000000000,0.088000000,8.615000000,5.000000000
32,13136,4,37983.000000000,19500,740.668500000,0,14.000000000,2,8.000000000,0.000000000,0.000000000,230000,0.000000000,5385.000000000,0.000000000,1.830000000,1,2.000000000,4,0.000000000,3231.000000000,0.000000000,22.000000000,4.000000000,0,1.000000000,1.000000000,0.088000000,8.615000000,5.000000000
33,13140,1,23877.000000000,2752,65.709504000,0,8.000000000,3,0.000000000,0.000000000,0.000000000,73394,0.000000000,5417.000000000,0.000000000,1.630000000,1,2.000000000,1,0.000000000,5417.000000000,0.000000000,43.000000000,4.000000000,0,1.000000000,1.000000000,0.357000000,13.852000000,3.633000000
34,13140,2,23877.000000000,3853,91.998081000,0,8.000000000,3,0.000000000,0.000000000,0.000000000,102752,0.000000000,5417.000000000,0.000000000,1.630000000,1,2.000000000,1,0.000000000,5417.000000000,0.000000000,43.000000000,4.000000000,0,1.000000000,1.000000000,0.255000000,9.894000000,2.595000000
35,13140,3,23877.000000000,6000,143.262000000,0,8.000000000,3,0.000000000,0.000000000,0.000000000,160000,0.000000000,5417.000000000,0.000000000,1.630000000,1,2.000000000,2,0.000000000,5417.000000000,0.000000000,43.000000000,4.000000000,0,1.000000000,1.000000000,0.327000000,12.708000000,3.333000000
36,13140,4,23877.000000000,6000,143.262000000,0,8.000000000,3,0.000000000,0.000000000,0.000000000,160000,0.000000000,5417.000000000,0.000000000,1.630000000,1,2.000000000,2,0.000000000,5417.000000000,0.000000000,43.000000000,4.000000000,0,1.000000000,1.000000000,0.327000000,12.708000000,3.333000000
37,14011,1,11664.000000000,5963,69.552432000,0,20.000000000,2,20.000000000,0.000000000,0.000000000,112385,0.000000000,4300.000000000,0.000000000,1.760000000,1,2.000000000,1,0.000000000,3071.000000000,0.000000000,33.000000000,4.000000000,1,1.007752000,1.000000000,0.119000000,4.983000000,0.623000000
38,14011,2,11664.000000000,8349,97.382736000,0,20.000000000,2,20.000000000,0.000000000,0.000000000,157339,0.000000000,4300.000000000,0.000000000,1.760000000,1,2.000000000,1,0.000000000,3071.000000000,0.000000000,33.000000000,4.000000000,1,1.007752000,1.000000000,0.025000000,1.059000000,0.320000000
39,14011,3,11664.000000000,13000,151.632000000,0,20.000000000,2,20.000000000,0.000000000,0.000000000,245000,0.000000000,4300.000000000,0.000000000,1.760000000,1,2.000000000,2,0.000000000,3071.000000000,0.000000000,33.000000000,4.000000000,1,1.007752000,1.000000000,0.109000000,4.571000000,0.571000000
40,14011,4,11664.000000000,13000,151.632000000,0,20.000000000,2,20.000000000,0.000000000,0.000000000,245000,0.000000000,4300.000000000,0.000000000,1.760000000,1,2.000000000,2,0.000000000,3071.000000000,0.000000000,33.000000000,4.000000000,1,1.007752000,1.000000000,0.109000000,4.571000000,0.571000000
41,14825,1,1780.840000000,19266,34.309663440,0,4.000000000,3,0.000000000,0.000000000,0.000000000,91743,0.000000000,2778.000000000,0.000000000,2.500000000,1,2.000000000,3,0.000000000,2778.000000000,0.000000000,12.000000000,4.000000000,0,1.000000000,1.000000000,0.029000000,2.301000000,1.696000000
42,14825,2,1780.840000000,26972,48.032816480,0,4.000000000,3,0.000000000,0.000000000,0.000000000,128440,0.000000000,2778.000000000,0.000000000,2.500000000,1,2.000000000,5,0.000000000,2778.000000000,0.000000000,12.000000000,4.000000000,0,1.000000000,1.000000000,0.021000000,1.644000000,1.211000000
43,14825,3,1780.840000000,42000,74.795280000,0,4.000000000,3,0.000000000,0.000000000,0.000000000,200000,0.000000000,2778.000000000,0.000000000,2.500000000,1,2.000000000,9,0.000000000,2778.000000000,0.000000000,12.000000000,4.000000000,0,1.000000000,1.000000000,0.021000000,1.644000000,1.211000000
44,14825,4,1780.840000000,42000,74.795280000,0,4.000000000,3,0.000000000,0.000000000,0.000000000,200000,0.000000000,2778.000000000,0.000000000,2.500000000,1,2.000000000,9,0.000000000,2778.000000000,0.000000000,12.000000000,4.000000000,0,1.000000000,1.000000000,0.021000000,1.644000000,1.211000000
45,14912,1,1150.700000000,29817,34.310421900,0,4.000000000,3,0.000000000,0.000000000,0.000000000,91743,0.000000000,2778.000000000,0.000000000,2.500000000,1,2.000000000,3,0.000000000,2778.000000000,0.000000000,12.000000000,4.000000000,1,1.547619000,1.000000000,0.029000000,2.301000000,1.696000000
46,14912,2,1150.700000000,41743,48.033670100,0,4.000000000,3,0.000000000,0.000000000,0.000000000,128440,0.000000000,2778.000000000,0.000000000,2.500000000,1,2.000000000,5,0.000000000,2778.000000000,0.000000000,12.000000000,4.000000000,1,1.547619000,1.000000000,0.021000000,1.644000000,1.211000000
47,14912,3,1150.700000000,65000,74.795500000,0,4.000000000,3,0.000000000,0.000000000,0.000000000,200000,0.000000000,2778.000000000,0.000000000,2.500000000,1,2.000000000,9,0.000000000,2778.000000000,0.000000000,12.000000000,4.000000000,1,1.547619000,1.000000000,0.021000000,1.644000000,1.211000000
48,14912,4,1150.700000000,65000,74.795500000,0,4.000000000,3,0.000000000,0.000000000,0.000000000,200000,0.000000000,2778.000000000,0.000000000,2.500000000,1,2.000000000,9,0.000000000,2778.000000000,0.000000000,12.000000000,4.000000000,1,1.547619000,1.000000000,0.021000000,1.644000000,1.211000000
49,14915,1,10.200000000,5500,0.056100000,0,20.000000000,3,0.000000000,0.000000000,0.000000000,72000,0.000000000,5000.000000000,0.000000000,3.470000000,1,2.000000000,3,0.000000000,5000.000000000,0.000000000,45.000000000,4.000000000,0,1.000000000,1.000000000,0.040000000,2.600000000,2.300000000
50,14915,2,10.200000000,7700,0.078540000,0,20.000000000,3,0.000000000,0.000000000,0.000000000,100800,0.000000000,5000.000000000,0.000000000,3.470000000,1,2.000000000,3,0.000000000,5000.000000000,0.000000000,45.000000000,4.000000000,0,1.000000000,1.000000000,0.029000000,1.857000000,1.643000000
51,14915,3,10.200000000,11990,0.122298000,0,20.000000000,3,0.000000000,0.000000000,0.000000000,156960,0.000000000,5000.000000000,0.000000000,3.470000000,1,2.000000000,6,0.000000000,5000.000000000,0.000000000,45.000000000,4.000000000,0,1.000000000,1.000000000,0.037000000,2.385000000,2.110000000
52,14915,4,10.200000000,11990,0.122298000,0,20.000000000,3,0.000000000,0.000000000,0.000000000,156960,0.000000000,5000.000000000,0.000000000,3.470000000,1,2.000000000,6,0.000000000,5000.000000000,0.000000000,45.000000000,4.000000000,0,1.000000000,1.000000000,0.037000000,2.385000000,2.110000000
53,14932,1,1636.000000000,4000,6.544000000,0,10.000000000,2,0.000000000,0.000000000,0.000000000,60000,0.000000000,3125.000000000,0.000000000,3.330000000,1,2.000000000,2,0.000000000,3125.000000000,0.000000000,50.000000000,4.000000000,0,1.000000000,1.000000000,0.016000000,0.016000000,0.016000000
54,14932,2,1636.000000000,5600,9.161600000,0,10.000000000,2,0.000000000,0.000000000,0.000000000,84000,0.000000000,3125.000000000,0.000000000,3.330000000,1,2.000000000,2,0.000000000,3125.000000000,0.000000000,50.000000000,4.000000000,0,1.000000000,1.000000000,0.011000000,0.011000000,0.011000000
55,14932,3,1636.000000000,8720,14.265920000,0,10.000000000,2,0.000000000,0.000000000,0.000000000,130800,0.000000000,3125.000000000,0.000000000,3.330000000,1,2.000000000,4,0.000000000,3125.000000000,0.000000000,50.000000000,4.000000000,0,1.000000000,1.000000000,0.007000000,0.007000000,0.007000000
56,14932,4,1636.000000000,8720,14.265920000,0,10.000000000,2,0.000000000,0.000000000,0.000000000,130800,0.000000000,3125.000000000,0.000000000,3.330000000,1,2.000000000,4,0.000000000,3125.000000000,0.000000000,50.000000000,4.000000000,0,1.000000000,1.000000000,0.007000000,0.007000000,0.007000000
57,15024,1,13150.000000000,6000,78.900000000,0,10.000000000,3,24.000000000,0.000000000,0.000000000,170000,0.000000000,5000.000000000,0.000000000,1.760000000,1,2.000000000,2,0.000000000,3333.000000000,0.000000000,50.000000000,4.000000000,0,1.000000000,1.000000000,0.151000000,7.611000000,0.667000000
58,15024,2,13150.000000000,8400,110.460000000,0,10.000000000,3,24.000000000,0.000000000,0.000000000,238000,0.000000000,5000.000000000,0.000000000,1.760000000,1,2.000000000,3,0.000000000,3333.000000000,0.000000000,50.000000000,4.000000000,0,1.000000000,1.000000000,0.151000000,7.611000000,0.667000000
59,15024,3,13150.000000000,13080,172.002000000,0,10.000000000,3,24.000000000,0.000000000,0.000000000,370600,0.000000000,5000.000000000,0.000000000,1.760000000,1,2.000000000,4,0.000000000,3333.000000000,0.000000000,50.000000000,4.000000000,0,1.000000000,1.000000000,0.139000000,6.983000000,0.612000000
60,15024,4,13150.000000000,13080,172.002000000,0,10.000000000,3,24.000000000,0.000000000,0.000000000,370600,0.000000000,5000.000000000,0.000000000,1.760000000,1,2.000000000,4,0.000000000,3333.000000000,0.000000000,50.000000000,4.000000000,0,1.000000000,1.000000000,0.139000000,6.983000000,0.612000000
61,15255,5,14368.000000000,14150,203.307200000,0,10.000000000,3,0.000000000,0.000000000,0.000000000,220000,0.000000000,4944.000000000,0.000000000,2.020000000,1,2.000000000,2,0.000000000,3423.000000000,0.000000000,31.000000000,4.000000000,0,1.000000000,1.000000000,0.008000000,0.008000000,0.008000000
62,15255,2,14368.000000000,19810,284.630080000,0,10.000000000,3,0.000000000,0.000000000,0.000000000,308000,0.000000000,4944.000000000,0.000000000,2.020000000,1,2.000000000,2,0.000000000,3423.000000000,0.000000000,31.000000000,4.000000000,0,1.000000000,1.000000000,0.005000000,0.005000000,0.005000000
63,15255,3,14368.000000000,30847,443.209696000,0,10.000000000,3,0.000000000,0.000000000,0.000000000,479600,0.000000000,4944.000000000,0.000000000,2.020000000,1,2.000000000,4,0.000000000,3423.000000000,0.000000000,31.000000000,4.000000000,0,1.000000000,1.000000000,0.004000000,0.004000000,0.004000000
64,15255,4,14368.000000000,30847,443.209696000,0,10.000000000,3,0.000000000,0.000000000,0.000000000,479600,0.000000000,4944.000000000,0.000000000,2.020000000,1,2.000000000,4,0.000000000,3423.000000000,0.000000000,31.000000000,4.000000000,0,1.000000000,1.000000000,0.004000000,0.004000000,0.004000000
65,15256,5,7184.500000000,28300,203.321350000,0,10.000000000,3,0.000000000,0.000000000,0.000000000,220000,0.000000000,4944.000000000,0.000000000,2.020000000,1,2.000000000,2,0.000000000,3423.000000000,0.000000000,31.000000000,4.000000000,1,2.000000000,1.000000000,0.008000000,0.008000000,0.008000000
66,15256,2,7184.500000000,39620,284.649890000,0,10.000000000,3,0.000000000,0.000000000,0.000000000,308000,0.000000000,4944.000000000,0.000000000,2.020000000,1,2.000000000,2,0.000000000,3423.000000000,0.000000000,31.000000000,4.000000000,1,2.000000000,1.000000000,0.005000000,0.005000000,0.005000000
67,15256,3,7184.500000000,61694,443.240543000,0,10.000000000,3,0.000000000,0.000000000,0.000000000,479600,0.000000000,4944.000000000,0.000000000,2.020000000,1,2.000000000,4,0.000000000,3423.000000000,0.000000000,31.000000000,4.000000000,1,2.000000000,1.000000000,0.004000000,0.004000000,0.004000000
68,15256,4,7184.500000000,61694,443.240543000,0,10.000000000,3,0.000000000,0.000000000,0.000000000,479600,0.000000000,4944.000000000,0.000000000,2.020000000,1,2.000000000,4,0.000000000,3423.000000000,0.000000000,31.000000000,4.000000000,1,2.000000000,1.000000000,0.004000000,0.004000000,0.004000000
69,15536,1,28838.000000000,5000,144.190000000,0,20.000000000,2,0.000000000,0.000000000,0.000000000,80000,0.000000000,3750.000000000,0.000000000,1.880000000,1,2.000000000,1,0.000000000,3750.000000000,0.000000000,30.000000000,4.000000000,0,1.000000000,1.000000000,0.025000000,0.025000000,0.025000000
70,15536,2,28838.000000000,7000,201.866000000,0,20.000000000,2,0.000000000,0.000000000,0.000000000,112000,0.000000000,3750.000000000,0.000000000,1.880000000,1,2.000000000,1,0.000000000,3750.000000000,0.000000000,30.000000000,4.000000000,0,1.000000000,1.000000000,0.018000000,0.018000000,0.018000000
71,15536,3,28838.000000000,10900,314.334200000,0,20.000000000,2,0.000000000,0.000000000,0.000000000,174400,0.000000000,3750.000000000,0.000000000,1.880000000,1,2.000000000,2,0.000000000,3750.000000000,0.000000000,30.000000000,4.000000000,0,1.000000000,1.000000000,0.011000000,0.011000000,0.011000000
72,15536,4,28838.000000000,10900,314.334200000,0,20.000000000,2,0.000000000,0.000000000,0.000000000,174400,0.000000000,3750.000000000,0.000000000,1.880000000,1,2.000000000,2,0.000000000,3750.000000000,0.000000000,30.000000000,4.000000000,0,1.000000000,1.000000000,0.011000000,0.011000000,0.011000000
73,15537,1,21052.000000000,10000,210.520000000,0,20.000000000,2,0.000000000,0.000000000,0.000000000,80000,0.000000000,3750.000000000,0.000000000,1.880000000,1,2.000000000,1,0.000000000,3750.000000000,0.000000000,30.000000000,4.000000000,1,2.000000000,1.000000000,0.025000000,0.025000000,0.025000000
74,15537,2,21052.000000000,14000,294.728000000,0,20.000000000,2,0.000000000,0.000000000,0.000000000,112000,0.000000000,3750.000000000,0.000000000,1.880000000,1,2.000000000,1,0.000000000,3750.000000000,0.000000000,30.000000000,4.000000000,1,2.000000000,1.000000000,0.018000000,0.018000000,0.018000000
75,15537,3,21052.000000000,21800,458.933600000,0,20.000000000,2,0.000000000,0.000000000,0.000000000,174400,0.000000000,3750.000000000,0.000000000,1.880000000,1,2.000000000,2,0.000000000,3750.000000000,0.000000000,30.000000000,4.000000000,1,2.000000000,1.000000000,0.011000000,0.011000000,0.011000000
76,15537,4,21052.000000000,21800,458.933600000,0,20.000000000,2,0.000000000,0.000000000,0.000000000,174400,0.000000000,3750.000000000,0.000000000,1.880000000,1,2.000000000,2,0.000000000,3750.000000000,0.000000000,30.000000000,4.000000000,1,2.000000000,1.000000000,0.011000000,0.011000000,0.011000000
77,17276,1,8250.000000000,4000,33.000000000,0,16.000000000,3,24.000000000,0.000000000,0.000000000,90000,0.000000000,3261.000000000,0.000000000,1.670000000,1,2.000000000,1,0.000000000,3261.000000000,0.000000000,38.000000000,4.000000000,0,1.000000000,1.000000000,0.093000000,4.348000000,4.130000000
78,17276,2,8250.000000000,5600,46.200000000,0,16.000000000,3,24.000000000,0.000000000,0.000000000,126000,0.000000000,3261.000000000,0.000000000,1.670000000,1,2.000000000,1,0.000000000,3261.000000000,0.000000000,38.000000000,4.000000000,0,1.000000000,1.000000000,0.067000000,3.106000000,2.950000000
79,17276,3,8250.000000000,8720,71.940000000,0,16.000000000,3,24.000000000,0.000000000,0.000000000,196200,0.000000000,3261.000000000,0.000000000,1.670000000,1,2.000000000,2,0.000000000,3261.000000000,0.000000000,38.000000000,4.000000000,0,1.000000000,1.000000000,0.086000000,3.989000000,3.789000000
80,17276,4,8250.000000000,8720,71.940000000,0,16.000000000,3,24.000000000,0.000000000,0.000000000,196200,0.000000000,3261.000000000,0.000000000,1.670000000,1,2.000000000,2,0.000000000,3261.000000000,0.000000000,38.000000000,4.000000000,0,1.000000000,1.000000000,0.086000000,3.989000000,3.789000000
81,17291,1,13333.400000000,14850,198.000990000,0,20.000000000,2,20.000000000,0.000000000,0.000000000,115714,0.000000000,4167.000000000,0.000000000,1.850000000,1,2.000000000,3,0.000000000,4167.000000000,0.000000000,25.000000000,4.000000000,1,1.724167000,1.000000000,0.077000000,5.245000000,0.375000000
82,17291,2,13333.400000000,20790,277.201386000,0,20.000000000,2,20.000000000,0.000000000,0.000000000,162000,0.000000000,4167.000000000,0.000000000,1.850000000,1,2.000000000,3,0.000000000,4167.000000000,0.000000000,25.000000000,4.000000000,1,1.724167000,1.000000000,0.055000000,3.746000000,0.268000000
83,17291,3,13333.400000000,32373,431.642158200,0,20.000000000,2,20.000000000,0.000000000,0.000000000,252257,0.000000000,4167.000000000,0.000000000,1.850000000,1,2.000000000,5,0.000000000,4167.000000000,0.000000000,25.000000000,4.000000000,1,1.724167000,1.000000000,0.055000000,3.746000000,0.268000000
84,17291,4,13333.400000000,32373,431.642158200,0,20.000000000,2,20.000000000,0.000000000,0.000000000,252257,0.000000000,4167.000000000,0.000000000,1.850000000,1,2.000000000,5,0.000000000,4167.000000000,0.000000000,25.000000000,4.000000000,1,1.724167000,1.000000000,0.055000000,3.746000000,0.268000000
85,17516,1,11931.500000000,14600,174.199900000,0,8.000000000,3,24.000000000,0.000000000,0.000000000,176400,0.000000000,4825.000000000,0.000000000,1.640000000,1,2.000000000,3,0.000000000,3217.000000000,0.000000000,40.000000000,4.000000000,1,2.000000000,1.000000000,0.151000000,7.611000000,0.667000000
86,17516,2,11931.500000000,20440,243.879860000,0,8.000000000,3,24.000000000,0.000000000,0.000000000,246960,0.000000000,4825.000000000,0.000000000,1.640000000,1,2.000000000,3,0.000000000,3217.000000000,0.000000000,40.000000000,4.000000000,1,2.000000000,1.000000000,0.151000000,7.611000000,0.667000000
87,17516,3,11931.500000000,31828,379.755782000,0,8.000000000,3,24.000000000,0.000000000,0.000000000,384552,0.000000000,4825.000000000,0.000000000,1.640000000,1,2.000000000,6,0.000000000,3217.000000000,0.000000000,40.000000000,4.000000000,1,2.000000000,1.000000000,0.139000000,6.983000000,0.612000000
88,17516,4,11931.500000000,31828,379.755782000,0,8.000000000,3,24.000000000,0.000000000,0.000000000,384552,0.000000000,4825.000000000,0.000000000,1.640000000,1,2.000000000,6,0.000000000,3217.000000000,0.000000000,40.000000000,4.000000000,1,2.000000000,1.000000000,0.139000000,6.983000000,0.612000000
89,17930,1,11982.000000000,3000,35.946000000,0,10.000000000,3,0.000000000,0.000000000,0.000000000,93000,0.000000000,3000.000000000,0.000000000,1.610000000,1,2.000000000,1,0.000000000,2143.000000000,0.000000000,50.000000000,4.000000000,0,1.000000000,1.000000000,0.085000000,8.571000000,6.429000000
90,17930,2,11982.000000000,4200,50.324400000,0,10.000000000,3,0.000000000,0.000000000,0.000000000,130200,0.000000000,3000.000000000,0.000000000,1.610000000,1,2.000000000,1,0.000000000,2143.000000000,0.000000000,50.000000000,4.000000000,0,1.000000000,1.000000000,0.060000000,6.122000000,4.592000000
91,17930,3,11982.000000000,6540,78.362280000,0,10.000000000,3,0.000000000,0.000000000,0.000000000,202740,0.000000000,3000.000000000,0.000000000,1.610000000,1,2.000000000,2,0.000000000,2143.000000000,0.000000000,50.000000000,4.000000000,0,1.000000000,1.000000000,0.085000000,8.571000000,6.429000000
92,17930,4,11982.000000000,6540,78.362280000,0,10.000000000,3,0.000000000,0.000000000,0.000000000,202740,0.000000000,3000.000000000,0.000000000,1.610000000,1,2.000000000,2,0.000000000,2143.000000000,0.000000000,50.000000000,4.000000000,0,1.000000000,1.000000000,0.085000000,8.571000000,6.429000000
93,19765,1,11982.000000000,3000,35.946000000,0,32.000000000,3,0.000000000,0.000000000,0.000000000,75000,0.000000000,3833.000000000,0.000000000,3.070000000,1,2.000000000,1,0.000000000,4600.000000000,0.000000000,77.000000000,4.000000000,0,1.000000000,1.000000000,0.118000000,12.000000000,9.000000000
94,19765,2,11982.000000000,4200,50.324400000,0,32.000000000,3,0.000000000,0.000000000,0.000000000,105000,0.000000000,3833.000000000,0.000000000,3.070000000,1,2.000000000,1,0.000000000,4600.000000000,0.000000000,77.000000000,4.000000000,0,1.000000000,1.000000000,0.085000000,8.571000000,6.429000000
95,19765,3,11982.000000000,6540,78.362280000,0,32.000000000,3,0.000000000,0.000000000,0.000000000,163500,0.000000000,3833.000000000,0.000000000,3.070000000,1,2.000000000,2,0.000000000,4600.000000000,0.000000000,77.000000000,4.000000000,0,1.000000000,1.000000000,0.118000000,12.000000000,9.000000000
96,19765,4,11982.000000000,6540,78.362280000,0,32.000000000,3,0.000000000,0.000000000,0.000000000,163500,0.000000000,3833.000000000,0.000000000,3.070000000,1,2.000000000,2,0.000000000,4600.000000000,0.000000000,77.000000000,4.000000000,0,1.000000000,1.000000000,0.118000000,12.000000000,9.000000000
97,19767,1,5991.000000000,6000,35.946000000,0,32.000000000,3,0.000000000,0.000000000,0.000000000,75000,0.000000000,3833.000000000,0.000000000,3.070000000,1,2.000000000,1,0.000000000,4600.000000000,0.000000000,77.000000000,4.000000000,1,2.000000000,1.000000000,0.118000000,12.000000000,9.000000000
98,19767,2,5991.000000000,8400,50.324400000,0,32.000000000,3,0.000000000,0.000000000,0.000000000,105000,0.000000000,3833.000000000,0.000000000,3.070000000,1,2.000000000,1,0.000000000,4600.000000000,0.000000000,77.000000000,4.000000000,1,2.000000000,1.000000000,0.085000000,8.571000000,6.429000000
99,19767,3,5991.000000000,13080,78.362280000,0,32.000000000,3,0.000000000,0.000000000,0.000000000,163500,0.000000000,3833.000000000,0.000000000,3.070000000,1,2.000000000,2,0.000000000,4600.000000000,0.000000000,77.000000000,4.000000000,1,2.000000000,1.000000000,0.118000000,12.000000000,9.000000000
100,19767,4,5991.000000000,13080,78.362280000,0,32.000000000,3,0.000000000,0.000000000,0.000000000,163500,0.000000000,3833.000000000,0.000000000,3.070000000,1,2.000000000,2,0.000000000,4600.000000000,0.000000000,77.000000000,4.000000000,1,2.000000000,1.000000000,0.118000000,12.000000000,9.000000000
101,20343,1,4224.900000000,8500,35.911650000,0,18.000000000,3,14.000000000,0.000000000,0.000000000,170000,0.000000000,6373.000000000,0.000000000,1.910000000,1,2.000000000,1,0.000000000,8125.000000000,0.000000000,41.000000000,4.000000000,1,1.062500000,1.000000000,0.076000000,21.789000000,10.550000000
102,20343,2,4224.900000000,11900,50.276310000,0,18.000000000,3,14.000000000,0.000000000,0.000000000,238000,0.000000000,6373.000000000,0.000000000,1.910000000,1,2.000000000,1,0.000000000,8125.000000000,0.000000000,41.000000000,4.000000000,1,1.062500000,1.000000000,0.054000000,15.564000000,7.536000000
103,20343,3,4224.900000000,18530,78.287397000,0,18.000000000,3,14.000000000,0.000000000,0.000000000,370600,0.000000000,6373.000000000,0.000000000,1.910000000,1,2.000000000,2,0.000000000,8125.000000000,0.000000000,41.000000000,4.000000000,1,1.062500000,1.000000000,0.076000000,21.789000000,10.550000000
104,20343,4,4224.900000000,18530,78.287397000,0,18.000000000,3,14.000000000,0.000000000,0.000000000,370600,0.000000000,6373.000000000,0.000000000,1.910000000,1,2.000000000,2,0.000000000,8125.000000000,0.000000000,41.000000000,4.000000000,1,1.062500000,1.000000000,0.076000000,21.789000000,10.550000000
105,20353,1,19352.000000000,1500,29.028000000,0,3.000000000,2,34.000000000,0.000000000,0.000000000,110000,0.000000000,4267.000000000,0.000000000,1.750000000,1,2.000000000,1,0.000000000,4267.000000000,0.000000000,128.000000000,4.000000000,0,1.000000000,1.000000000,0.400000000,10.000000000,2.889000000
106,20353,2,19352.000000000,2100,40.639200000,0,3.000000000,2,34.000000000,0.000000000,0.000000000,154000,0.000000000,4267.000000000,0.000000000,1.750000000,1,2.000000000,1,0.000000000,4267.000000000,0.000000000,128.000000000,4.000000000,0,1.000000000,1.000000000,0.286000000,7.143000000,2.063000000
107,20353,3,19352.000000000,3270,63.281040000,0,3.000000000,2,34.000000000,0.000000000,0.000000000,239800,0.000000000,4267.000000000,0.000000000,1.750000000,1,2.000000000,2,0.000000000,4267.000000000,0.000000000,128.000000000,4.000000000,0,1.000000000,1.000000000,0.367000000,9.174000000,2.650000000
108,20353,4,19352.000000000,3270,63.281040000,0,3.000000000,2,34.000000000,0.000000000,0.000000000,239800,0.000000000,4267.000000000,0.000000000,1.750000000,1,2.000000000,2,0.000000000,4267.000000000,0.000000000,128.000000000,4.000000000,0,1.000000000,1.000000000,0.367000000,9.174000000,2.650000000
109,20355,1,8717.000000000,3330,29.027610000,0,3.000000000,2,34.000000000,0.000000000,0.000000000,110000,0.000000000,4267.000000000,0.000000000,1.750000000,1,2.000000000,1,0.000000000,4267.000000000,0.000000000,128.000000000,4.000000000,1,2.220000000,1.000000000,0.400000000,10.000000000,2.889000000
110,20355,2,8717.000000000,4662,40.638654000,0,3.000000000,2,34.000000000,0.000000000,0.000000000,154000,0.000000000,4267.000000000,0.000000000,1.750000000,1,2.000000000,1,0.000000000,4267.000000000,0.000000000,128.000000000,4.000000000,1,2.220000000,1.000000000,0.286000000,7.143000000,2.063000000
111,20355,3,8717.000000000,7259,63.276703000,0,3.000000000,2,34.000000000,0.000000000,0.000000000,239800,0.000000000,4267.000000000,0.000000000,1.750000000,1,2.000000000,2,0.000000000,4267.000000000,0.000000000,128.000000000,4.000000000,1,2.220000000,1.000000000,0.367000000,9.174000000,2.650000000
112,20355,4,8717.000000000,7259,63.276703000,0,3.000000000,2,34.000000000,0.000000000,0.000000000,239800,0.000000000,4267.000000000,0.000000000,1.750000000,1,2.000000000,2,0.000000000,4267.000000000,0.000000000,128.000000000,4.000000000,1,2.220000000,1.000000000,0.367000000,9.174000000,2.650000000
113,20634,1,1750.000000000,15000,26.250000000,0,8.000000000,3,0.000000000,0.000000000,0.000000000,92000,0.000000000,2154.000000000,0.000000000,3.040000000,1,2.000000000,3,0.000000000,2154.000000000,0.000000000,19.000000000,4.000000000,0,1.000000000,1.000000000,0.013000000,1.044000000,0.769000000
114,20634,2,1750.000000000,21000,36.750000000,0,8.000000000,3,0.000000000,0.000000000,0.000000000,128800,0.000000000,2154.000000000,0.000000000,3.040000000,1,2.000000000,5,0.000000000,2154.000000000,0.000000000,19.000000000,4.000000000,0,1.000000000,1.000000000,0.009000000,0.746000000,0.549000000
115,20634,3,1750.000000000,32700,57.225000000,0,8.000000000,3,0.000000000,0.000000000,0.000000000,200560,0.000000000,2154.000000000,0.000000000,3.040000000,1,2.000000000,9,0.000000000,2154.000000000,0.000000000,19.000000000,4.000000000,0,1.000000000,1.000000000,0.013000000,1.044000000,0.769000000
116,20634,4,1750.000000000,32700,57.225000000,0,8.000000000,3,0.000000000,0.000000000,0.000000000,200560,0.000000000,2154.000000000,0.000000000,3.040000000,1,2.000000000,9,0.000000000,2154.000000000,0.000000000,19.000000000,4.000000000,0,1.000000000,1.000000000,0.013000000,1.044000000,0.769000000
117,20635,1,875.000000000,30000,26.250000000,0,8.000000000,3,0.000000000,0.000000000,0.000000000,92000,0.000000000,2154.000000000,0.000000000,3.040000000,1,2.000000000,3,0.000000000,2154.000000000,0.000000000,19.000000000,4.000000000,1,2.000000000,1.000000000,0.013000000,1.044000000,0.769000000
118,20635,2,875.000000000,42000,36.750000000,0,8.000000000,3,0.000000000,0.000000000,0.000000000,128800,0.000000000,2154.000000000,0.000000000,3.040000000,1,2.000000000,5,0.000000000,2154.000000000,0.000000000,19.000000000,4.000000000,1,2.000000000,1.000000000,0.009000000,0.746000000,0.549000000
119,20635,3,875.000000000,65400,57.225000000,0,8.000000000,3,0.000000000,0.000000000,0.000000000,200560,0.000000000,2154.000000000,0.000000000,3.040000000,1,2.000000000,9,0.000000000,2154.000000000,0.000000000,19.000000000,4.000000000,1,2.000000000,1.000000000,0.013000000,1.044000000,0.769000000
120,20635,4,875.000000000,65400,57.225000000,0,8.000000000,3,0.000000000,0.000000000,0.000000000,200560,0.000000000,2154.000000000,0.000000000,3.040000000,1,2.000000000,9,0.000000000,2154.000000000,0.000000000,19.000000000,4.000000000,1,2.000000000,1.000000000,0.013000000,1.044000000,0.769000000
121,20656,1,145800.000000000,8613,1255.775400000,0,20.000000000,2,20.000000000,0.000000000,0.000000000,115714,0.000000000,4167.000000000,0.000000000,1.850000000,1,2.000000000,3,0.000000000,4167.000000000,0.000000000,25.000000000,4.000000000,0,1.000000000,1.000000000,0.077000000,5.245000000,0.375000000
122,20656,2,145800.000000000,12058,1758.056400000,0,20.000000000,2,20.000000000,0.000000000,0.000000000,162000,0.000000000,4167.000000000,0.000000000,1.850000000,1,2.000000000,3,0.000000000,4167.000000000,0.000000000,25.000000000,4.000000000,0,1.000000000,1.000000000,0.055000000,3.746000000,0.268000000
123,20656,3,145800.000000000,18776,2737.540800000,0,20.000000000,2,20.000000000,0.000000000,0.000000000,252257,0.000000000,4167.000000000,0.000000000,1.850000000,1,2.000000000,5,0.000000000,4167.000000000,0.000000000,25.000000000,4.000000000,0,1.000000000,1.000000000,0.055000000,3.746000000,0.268000000
124,20656,4,145800.000000000,18776,2737.540800000,0,20.000000000,2,20.000000000,0.000000000,0.000000000,252257,0.000000000,4167.000000000,0.000000000,1.850000000,1,2.000000000,5,0.000000000,4167.000000000,0.000000000,25.000000000,4.000000000,0,1.000000000,1.000000000,0.055000000,3.746000000,0.268000000
125,20906,1,2899.000000000,4500,13.045500000,0,7.000000000,3,0.000000000,0.000000000,0.000000000,66000,0.000000000,2727.000000000,0.000000000,2.730000000,1,2.000000000,2,0.000000000,2727.000000000,0.000000000,40.000000000,4.000000000,0,1.000000000,1.000000000,0.026000000,2.056000000,1.515000000
126,20906,2,2899.000000000,6300,18.263700000,0,7.000000000,3,0.000000000,0.000000000,0.000000000,92400,0.000000000,2727.000000000,0.000000000,2.730000000,1,2.000000000,3,0.000000000,2727.000000000,0.000000000,40.000000000,4.000000000,0,1.000000000,1.000000000,0.019000000,1.469000000,1.082000000
127,20906,3,2899.000000000,9810,28.439190000,0,7.000000000,3,0.000000000,0.000000000,0.000000000,143880,0.000000000,2727.000000000,0.000000000,2.730000000,1,2.000000000,4,0.000000000,2727.000000000,0.000000000,40.000000000,4.000000000,0,1.000000000,1.000000000,0.026000000,2.056000000,1.515000000
128,20906,4,2899.000000000,9810,28.439190000,0,7.000000000,3,0.000000000,0.000000000,0.000000000,143880,0.000000000,2727.000000000,0.000000000,2.730000000,1,2.000000000,4,0.000000000,2727.000000000,0.000000000,40.000000000,4.000000000,0,1.000000000,1.000000000,0.026000000,2.056000000,1.515000000
129,21136,1,10909.200000000,15143,165.198015600,0,27.000000000,2,25.000000000,0.000000000,0.000000000,91429,0.000000000,2105.000000000,0.000000000,1.730000000,1,2.000000000,2,0.000000000,2456.000000000,0.000000000,10.000000000,4.000000000,0,1.000000000,1.000000000,0.062000000,4.196000000,0.300000000
130,21136,2,10909.200000000,21200,231.275040000,0,27.000000000,2,25.000000000,0.000000000,0.000000000,128000,0.000000000,2105.000000000,0.000000000,1.730000000,1,2.000000000,2,0.000000000,2456.000000000,0.000000000,10.000000000,4.000000000,0,1.000000000,1.000000000,0.044000000,2.997000000,0.214000000
131,21136,3,10909.200000000,33011,360.123601200,0,27.000000000,2,25.000000000,0.000000000,0.000000000,199314,0.000000000,2105.000000000,0.000000000,1.730000000,1,2.000000000,3,0.000000000,2456.000000000,0.000000000,10.000000000,4.000000000,0,1.000000000,1.000000000,0.057000000,3.849000000,0.275000000
132,21136,4,10909.200000000,33011,360.123601200,0,27.000000000,2,25.000000000,0.000000000,0.000000000,199314,0.000000000,2105.000000000,0.000000000,1.730000000,1,2.000000000,3,0.000000000,2456.000000000,0.000000000,10.000000000,4.000000000,0,1.000000000,1.000000000,0.057000000,3.849000000,0.275000000
133,21708,1,16583.000000000,5714,94.755262000,0,24.000000000,2,0.000000000,0.000000000,0.000000000,85714,0.000000000,3429.000000000,0.000000000,2.000000000,1,2.000000000,2,0.000000000,3429.000000000,0.000000000,30.000000000,4.000000000,0,1.000000000,1.000000000,0.080000000,5.394000000,0.385000000
134,21708,2,16583.000000000,8000,132.664000000,0,24.000000000,2,0.000000000,0.000000000,0.000000000,120000,0.000000000,3429.000000000,0.000000000,2.000000000,1,2.000000000,2,0.000000000,3429.000000000,0.000000000,30.000000000,4.000000000,0,1.000000000,1.000000000,0.057000000,3.853000000,0.275000000
135,21708,3,16583.000000000,12457,206.574431000,0,24.000000000,2,0.000000000,0.000000000,0.000000000,186857,0.000000000,3429.000000000,0.000000000,2.000000000,1,2.000000000,4,0.000000000,3429.000000000,0.000000000,30.000000000,4.000000000,0,1.000000000,1.000000000,0.073000000,4.949000000,0.354000000
136,21708,4,16583.000000000,12457,206.574431000,0,24.000000000,2,0.000000000,0.000000000,0.000000000,186857,0.000000000,3429.000000000,0.000000000,2.000000000,1,2.000000000,4,0.000000000,3429.000000000,0.000000000,30.000000000,4.000000000,0,1.000000000,1.000000000,0.073000000,4.949000000,0.354000000
137,21721,1,265290.000000000,3016,800.114640000,0,5.000000000,2,0.000000000,0.000000000,0.000000000,85714,0.000000000,5263.000000000,0.000000000,1.670000000,1,2.000000000,1,0.000000000,4000.000000000,0.000000000,105.000000000,4.000000000,1,2.222105000,1.000000000,0.336000000,11.200000000,4.760000000
138,21721,2,265290.000000000,4222,1120.054380000,0,5.000000000,2,0.000000000,0.000000000,0.000000000,120000,0.000000000,5263.000000000,0.000000000,1.670000000,1,2.000000000,1,0.000000000,4000.000000000,0.000000000,105.000000000,4.000000000,1,2.222105000,1.000000000,0.240000000,8.000000000,3.400000000
139,21721,3,265290.000000000,6574,1744.016460000,0,5.000000000,2,0.000000000,0.000000000,0.000000000,186857,0.000000000,5263.000000000,0.000000000,1.670000000,1,2.000000000,2,0.000000000,4000.000000000,0.000000000,105.000000000,4.000000000,1,2.222105000,1.000000000,0.308000000,10.275000000,4.367000000
140,21721,4,265290.000000000,6574,1744.016460000,0,5.000000000,2,0.000000000,0.000000000,0.000000000,186857,0.000000000,5263.000000000,0.000000000,1.670000000,1,2.000000000,2,0.000000000,4000.000000000,0.000000000,105.000000000,4.000000000,1,2.222105000,1.000000000,0.308000000,10.275000000,4.367000000
141,23322,1,32295.000000000,6592,212.888640000,0,9.000000000,2,22.000000000,0.000000000,0.000000000,67857,0.000000000,8730.000000000,0.000000000,3.400000000,1,2.000000000,2,0.000000000,8730.000000000,0.000000000,35.000000000,4.000000000,0,1.000000000,1.000000000,0.318000000,41.622000000,0.416000000
142,23322,2,32295.000000000,9229,298.050555000,0,9.000000000,2,22.000000000,0.000000000,0.000000000,95000,0.000000000,8730.000000000,0.000000000,3.400000000,1,2.000000000,2,0.000000000,8730.000000000,0.000000000,35.000000000,4.000000000,0,1.000000000,1.000000000,0.227000000,29.730000000,0.297000000
143,23322,3,32295.000000000,14371,464.111445000,0,9.000000000,2,22.000000000,0.000000000,0.000000000,147929,0.000000000,8730.000000000,0.000000000,3.400000000,1,2.000000000,4,0.000000000,8730.000000000,0.000000000,35.000000000,4.000000000,0,1.000000000,1.000000000,0.292000000,38.185000000,0.382000000
144,23322,4,32295.000000000,14371,464.111445000,0,9.000000000,2,22.000000000,0.000000000,0.000000000,147929,0.000000000,8730.000000000,0.000000000,3.400000000,1,2.000000000,4,0.000000000,8730.000000000,0.000000000,35.000000000,4.000000000,0,1.000000000,1.000000000,0.292000000,38.185000000,0.382000000
145,23890,1,246000.000000000,8000,1968.000000000,0,30.000000000,3,10.000000000,0.000000000,0.000000000,92000,0.000000000,4225.000000000,0.000000000,1.840000000,1,2.000000000,2,0.000000000,4225.000000000,0.000000000,21.000000000,4.000000000,0,1.000000000,1.000000000,0.067000000,9.563000000,4.000000000
146,23890,2,246000.000000000,11200,2755.200000000,0,30.000000000,3,10.000000000,0.000000000,0.000000000,128800,0.000000000,4225.000000000,0.000000000,1.840000000,1,2.000000000,2,0.000000000,4225.000000000,0.000000000,21.000000000,4.000000000,0,1.000000000,1.000000000,0.048000000,6.830000000,2.857000000
147,23890,3,246000.000000000,17440,4290.240000000,0,30.000000000,3,10.000000000,0.000000000,0.000000000,200560,0.000000000,4225.000000000,0.000000000,1.840000000,1,2.000000000,4,0.000000000,4225.000000000,0.000000000,21.000000000,4.000000000,0,1.000000000,1.000000000,0.061000000,8.773000000,3.670000000
148,23890,4,246000.000000000,17440,4290.240000000,0,30.000000000,3,10.000000000,0.000000000,0.000000000,200560,0.000000000,4225.000000000,0.000000000,1.840000000,1,2.000000000,4,0.000000000,4225.000000000,0.000000000,21.000000000,4.000000000,0,1.000000000,1.000000000,0.061000000,8.773000000,3.670000000
149,23893,1,113000.000000000,17500,1977.500000000,0,30.000000000,3,10.000000000,0.000000000,0.000000000,92000,0.000000000,4225.000000000,0.000000000,1.840000000,1,2.000000000,2,0.000000000,4225.000000000,0.000000000,21.000000000,4.000000000,1,2.187500000,1.000000000,0.067000000,9.563000000,4.000000000
150,23893,2,113000.000000000,24500,2768.500000000,0,30.000000000,3,10.000000000,0.000000000,0.000000000,128800,0.000000000,4225.000000000,0.000000000,1.840000000,1,2.000000000,2,0.000000000,4225.000000000,0.000000000,21.000000000,4.000000000,1,2.187500000,1.000000000,0.048000000,6.830000000,2.857000000
151,23893,3,113000.000000000,38150,4310.950000000,0,30.000000000,3,10.000000000,0.000000000,0.000000000,200560,0.000000000,4225.000000000,0.000000000,1.840000000,1,2.000000000,4,0.000000000,4225.000000000,0.000000000,21.000000000,4.000000000,1,2.187500000,1.000000000,0.061000000,8.773000000,3.670000000
152,23893,4,113000.000000000,38150,4310.950000000,0,30.000000000,3,10.000000000,0.000000000,0.000000000,200560,0.000000000,4225.000000000,0.000000000,1.840000000,1,2.000000000,4,0.000000000,4225.000000000,0.000000000,21.000000000,4.000000000,1,2.187500000,1.000000000,0.061000000,8.773000000,3.670000000
153,24478,1,8650.000000000,6400,55.360000000,0,8.000000000,3,24.000000000,0.000000000,0.000000000,173400,0.000000000,4250.000000000,0.000000000,1.470000000,1,2.000000000,3,0.000000000,2833.000000000,0.000000000,40.000000000,4.000000000,0,1.000000000,1.000000000,0.151000000,7.611000000,0.667000000
154,24478,2,8650.000000000,8960,77.504000000,0,8.000000000,3,24.000000000,0.000000000,0.000000000,242760,0.000000000,4250.000000000,0.000000000,1.470000000,1,2.000000000,3,0.000000000,2833.000000000,0.000000000,40.000000000,4.000000000,0,1.000000000,1.000000000,0.108000000,5.437000000,0.476000000
155,24478,3,8650.000000000,13952,120.684800000,0,8.000000000,3,24.000000000,0.000000000,0.000000000,378012,0.000000000,4250.000000000,0.000000000,1.470000000,1,2.000000000,6,0.000000000,2833.000000000,0.000000000,40.000000000,4.000000000,0,1.000000000,1.000000000,0.139000000,6.983000000,0.612000000
156,24478,4,8650.000000000,13952,120.684800000,0,8.000000000,3,24.000000000,0.000000000,0.000000000,378012,0.000000000,4250.000000000,0.000000000,1.470000000,1,2.000000000,6,0.000000000,2833.000000000,0.000000000,40.000000000,4.000000000,0,1.000000000,1.000000000,0.139000000,6.983000000,0.612000000
157,24733,1,1399.200000000,19266,26.956987200,0,4.000000000,3,0.000000000,0.000000000,0.000000000,91743,0.000000000,2778.000000000,0.000000000,2.500000000,1,2.000000000,3,0.000000000,2778.000000000,0.000000000,12.000000000,4.000000000,0,1.000000000,1.000000000,0.032000000,2.507000000,1.841000000
158,24733,2,1399.200000000,26972,37.739222400,0,4.000000000,3,0.000000000,0.000000000,0.000000000,128440,0.000000000,2778.000000000,0.000000000,2.500000000,1,2.000000000,5,0.000000000,2778.000000000,0.000000000,12.000000000,4.000000000,0,1.000000000,1.000000000,0.023000000,1.791000000,1.315000000
159,24733,3,1399.200000000,42000,58.766400000,0,4.000000000,3,0.000000000,0.000000000,0.000000000,200000,0.000000000,2778.000000000,0.000000000,2.500000000,1,2.000000000,9,0.000000000,2778.000000000,0.000000000,12.000000000,4.000000000,0,1.000000000,1.000000000,0.021000000,1.644000000,1.211000000
160,24733,4,1399.200000000,42000,58.766400000,0,4.000000000,3,0.000000000,0.000000000,0.000000000,200000,0.000000000,2778.000000000,0.000000000,2.500000000,1,2.000000000,9,0.000000000,2778.000000000,0.000000000,12.000000000,4.000000000,0,1.000000000,1.000000000,0.021000000,1.644000000,1.211000000
161,24734,1,904.100000000,29817,26.957549700,0,4.000000000,3,0.000000000,0.000000000,0.000000000,91743,0.000000000,2778.000000000,0.000000000,2.500000000,1,2.000000000,3,0.000000000,2778.000000000,0.000000000,12.000000000,4.000000000,1,1.547619000,1.000000000,0.032000000,2.507000000,1.841000000
162,24734,2,904.100000000,41743,37.739846300,0,4.000000000,3,0.000000000,0.000000000,0.000000000,128440,0.000000000,2778.000000000,0.000000000,2.500000000,1,2.000000000,5,0.000000000,2778.000000000,0.000000000,12.000000000,4.000000000,1,1.547619000,1.000000000,0.023000000,1.791000000,1.315000000
163,24734,3,904.100000000,65000,58.766500000,0,4.000000000,3,0.000000000,0.000000000,0.000000000,200000,0.000000000,2778.000000000,0.000000000,2.500000000,1,2.000000000,9,0.000000000,2778.000000000,0.000000000,12.000000000,4.000000000,1,1.547619000,1.000000000,0.021000000,1.644000000,1.211000000
164,24734,4,904.100000000,65000,58.766500000,0,4.000000000,3,0.000000000,0.000000000,0.000000000,200000,0.000000000,2778.000000000,0.000000000,2.500000000,1,2.000000000,9,0.000000000,2778.000000000,0.000000000,12.000000000,4.000000000,1,1.547619000,1.000000000,0.021000000,1.644000000,1.211000000
165,25067,1,1900.000000000,4614,8.766600000,0,7.000000000,3,0.000000000,0.000000000,0.000000000,60000,0.000000000,2727.000000000,0.000000000,3.000000000,1,2.000000000,2,0.000000000,2727.000000000,0.000000000,39.000000000,4.000000000,0,1.000000000,1.000000000,0.026000000,2.056000000,1.515000000
166,25067,2,1900.000000000,6460,12.274000000,0,7.000000000,3,0.000000000,0.000000000,0.000000000,84000,0.000000000,2727.000000000,0.000000000,3.000000000,1,2.000000000,2,0.000000000,2727.000000000,0.000000000,39.000000000,4.000000000,0,1.000000000,1.000000000,0.019000000,1.469000000,1.082000000
167,25067,3,1900.000000000,10059,19.112100000,0,7.000000000,3,0.000000000,0.000000000,0.000000000,130800,0.000000000,2727.000000000,0.000000000,3.000000000,1,2.000000000,4,0.000000000,2727.000000000,0.000000000,39.000000000,4.000000000,0,1.000000000,1.000000000,0.024000000,1.886000000,1.390000000
168,25067,4,1900.000000000,10059,19.112100000,0,7.000000000,3,0.000000000,0.000000000,0.000000000,130800,0.000000000,2727.000000000,0.000000000,3.000000000,1,2.000000000,4,0.000000000,2727.000000000,0.000000000,39.000000000,4.000000000,0,1.000000000,1.000000000,0.024000000,1.886000000,1.390000000
169,26708,1,2619.000000000,12000,31.428000000,0,20.000000000,3,0.000000000,0.000000000,0.000000000,61200,0.000000000,4000.000000000,0.000000000,3.660000000,1,2.000000000,1,0.000000000,4000.000000000,0.000000000,19.000000000,4.000000000,0,1.000000000,1.000000000,0.057000000,0.571000000,0.107000000
170,26708,2,2619.000000000,16800,43.999200000,0,20.000000000,3,0.000000000,0.000000000,0.000000000,85680,0.000000000,4000.000000000,0.000000000,3.660000000,1,2.000000000,1,0.000000000,4000.000000000,0.000000000,19.000000000,4.000000000,0,1.000000000,1.000000000,0.041000000,0.408000000,0.077000000
171,26708,3,2619.000000000,26160,68.513040000,0,20.000000000,3,0.000000000,0.000000000,0.000000000,133416,0.000000000,4000.000000000,0.000000000,3.660000000,1,2.000000000,1,0.000000000,4000.000000000,0.000000000,19.000000000,4.000000000,0,1.000000000,1.000000000,0.052000000,0.524000000,0.098000000
172,26708,4,2619.000000000,26160,68.513040000,0,20.000000000,3,0.000000000,0.000000000,0.000000000,133416,0.000000000,4000.000000000,0.000000000,3.660000000,1,2.000000000,1,0.000000000,4000.000000000,0.000000000,19.000000000,4.000000000,0,1.000000000,1.000000000,0.052000000,0.524000000,0.098000000
173,26777,1,1014.000000000,2000,2.028000000,0,15.000000000,3,0.000000000,0.000000000,0.000000000,73000,0.000000000,2667.000000000,0.000000000,3.290000000,1,2.000000000,1,0.000000000,2667.000000000,0.000000000,120.000000000,4.000000000,0,1.000000000,1.000000000,0.011000000,0.444000000,0.333000000
174,26777,2,1014.000000000,2800,2.839200000,0,15.000000000,3,0.000000000,0.000000000,0.000000000,102200,0.000000000,2667.000000000,0.000000000,3.290000000,1,2.000000000,1,0.000000000,2667.000000000,0.000000000,120.000000000,4.000000000,0,1.000000000,1.000000000,0.008000000,0.317000000,0.238000000
175,26777,3,1014.000000000,4360,4.421040000,0,15.000000000,3,0.000000000,0.000000000,0.000000000,159140,0.000000000,2667.000000000,0.000000000,3.290000000,1,2.000000000,1,0.000000000,2667.000000000,0.000000000,120.000000000,4.000000000,0,1.000000000,1.000000000,0.010000000,0.408000000,0.306000000
176,26777,4,1014.000000000,4360,4.421040000,0,15.000000000,3,0.000000000,0.000000000,0.000000000,159140,0.000000000,2667.000000000,0.000000000,3.290000000,1,2.000000000,1,0.000000000,2667.000000000,0.000000000,120.000000000,4.000000000,0,1.000000000,1.000000000,0.010000000,0.408000000,0.306000000
177,4552,1,8023.000000000,3899,31.281677000,0,10.000000000,3,0.000000000,0.000000000,0.000000000,150459,0.000000000,10182.000000000,0.000000000,1.710000000,1,2.000000000,1,0.000000000,8000.000000000,0.000000000,66.000000000,4.000000000,0,1.000000000,1.000000000,0.083000000,8.253000000,6.696000000
178,4552,2,8023.000000000,5459,43.797557000,0,10.000000000,3,0.000000000,0.000000000,0.000000000,210642,0.000000000,10182.000000000,0.000000000,1.710000000,1,2.000000000,1,0.000000000,8000.000000000,0.000000000,66.000000000,4.000000000,0,1.000000000,1.000000000,0.059000000,5.895000000,4.783000000
179,4552,3,8023.000000000,8500,68.195500000,0,10.000000000,3,0.000000000,0.000000000,0.000000000,328000,0.000000000,10182.000000000,0.000000000,1.710000000,1,2.000000000,2,0.000000000,8000.000000000,0.000000000,66.000000000,4.000000000,0,1.000000000,1.000000000,0.076000000,7.571000000,6.143000000
180,4552,4,8023.000000000,8500,68.195500000,0,10.000000000,3,0.000000000,0.000000000,0.000000000,328000,0.000000000,10182.000000000,0.000000000,1.710000000,1,2.000000000,2,0.000000000,8000.000000000,0.000000000,66.000000000,4.000000000,0,1.000000000,1.000000000,0.076000000,7.571000000,6.143000000
181,4557,1,31213.000000000,3334,104.064142000,0,10.000000000,3,0.000000000,0.000000000,0.000000000,182571,0.000000000,5601.000000000,0.000000000,1.620000000,1,2.000000000,2,0.000000000,5601.000000000,0.000000000,89.000000000,4.000000000,0,1.000000000,1.000000000,0.030000000,5.941000000,8.514000000
182,4557,2,31213.000000000,4668,145.702284000,0,10.000000000,3,0.000000000,0.000000000,0.000000000,255600,0.000000000,5601.000000000,0.000000000,1.620000000,1,2.000000000,2,0.000000000,5601.000000000,0.000000000,89.000000000,4.000000000,0,1.000000000,1.000000000,0.030000000,5.946000000,8.514000000
183,4557,3,31213.000000000,7269,226.887297000,0,10.000000000,3,0.000000000,0.000000000,0.000000000,398006,0.000000000,5601.000000000,0.000000000,1.620000000,1,2.000000000,3,0.000000000,5601.000000000,0.000000000,89.000000000,4.000000000,0,1.000000000,1.000000000,0.027000000,5.450000000,7.811000000
184,4557,4,31213.000000000,7269,226.887297000,0,10.000000000,3,0.000000000,0.000000000,0.000000000,398006,0.000000000,5601.000000000,0.000000000,1.620000000,1,2.000000000,3,0.000000000,5601.000000000,0.000000000,89.000000000,4.000000000,0,1.000000000,1.000000000,0.038000000,7.637000000,10.935000000
185,4560,1,6627.700000000,3000,19.883100000,0,5.000000000,3,0.000000000,0.000000000,0.000000000,192500,0.000000000,7311.000000000,0.000000000,1.710000000,1,2.000000000,2,0.000000000,7311.000000000,0.000000000,110.000000000,4.000000000,0,1.000000000,1.000000000,0.038000000,12.444000000,10.000000000
186,4560,2,6627.700000000,4200,27.836340000,0,5.000000000,3,0.000000000,0.000000000,0.000000000,269500,0.000000000,7311.000000000,0.000000000,1.710000000,1,2.000000000,2,0.000000000,7311.000000000,0.000000000,110.000000000,4.000000000,0,1.000000000,1.000000000,0.027000000,8.889000000,7.143000000
187,4560,3,6627.700000000,6540,43.345158000,0,5.000000000,3,0.000000000,0.000000000,0.000000000,419650,0.000000000,7311.000000000,0.000000000,1.710000000,1,2.000000000,4,0.000000000,7311.000000000,0.000000000,110.000000000,4.000000000,0,1.000000000,1.000000000,0.035000000,11.417000000,9.174000000
188,4560,4,6627.700000000,6540,43.345158000,0,5.000000000,3,0.000000000,0.000000000,0.000000000,419650,0.000000000,7311.000000000,0.000000000,1.710000000,1,2.000000000,4,0.000000000,7311.000000000,0.000000000,110.000000000,4.000000000,0,1.000000000,1.000000000,0.035000000,11.417000000,9.174000000
189,4566,1,541460.000000000,6071,3287.203660000,0,12.000000000,3,0.000000000,0.000000000,0.000000000,117857,0.000000000,4333.000000000,0.000000000,1.580000000,1,2.000000000,1,0.000000000,4333.000000000,0.000000000,31.000000000,4.000000000,0,1.000000000,1.000000000,0.063000000,7.700000000,7.817000000
190,4566,2,541460.000000000,8500,4602.410000000,0,12.000000000,3,0.000000000,0.000000000,0.000000000,165000,0.000000000,4333.000000000,0.000000000,1.580000000,1,2.000000000,1,0.000000000,4333.000000000,0.000000000,31.000000000,4.000000000,0,1.000000000,1.000000000,0.045000000,5.500000000,5.583000000
191,4566,3,541460.000000000,13236,7166.764560000,0,12.000000000,3,0.000000000,0.000000000,0.000000000,256929,0.000000000,4333.000000000,0.000000000,1.580000000,1,2.000000000,2,0.000000000,4333.000000000,0.000000000,31.000000000,4.000000000,0,1.000000000,1.000000000,0.058000000,7.064000000,7.171000000
192,4566,4,541460.000000000,13236,7166.764560000,0,12.000000000,3,0.000000000,0.000000000,0.000000000,256929,0.000000000,4333.000000000,0.000000000,1.580000000,1,2.000000000,2,0.000000000,4333.000000000,0.000000000,31.000000000,4.000000000,0,1.000000000,1.000000000,0.058000000,7.064000000,7.171000000
193,4567,1,243900.000000000,13479,3287.528100000,0,12.000000000,3,0.000000000,0.000000000,0.000000000,117857,0.000000000,4333.000000000,0.000000000,1.580000000,1,2.000000000,1,0.000000000,4333.000000000,0.000000000,31.000000000,4.000000000,1,2.220000000,1.000000000,0.063000000,7.700000000,7.817000000
194,4567,2,243900.000000000,18870,4602.393000000,0,12.000000000,3,0.000000000,0.000000000,0.000000000,165000,0.000000000,4333.000000000,0.000000000,1.580000000,1,2.000000000,1,0.000000000,4333.000000000,0.000000000,31.000000000,4.000000000,1,2.220000000,1.000000000,0.045000000,5.500000000,5.583000000
195,4567,3,243900.000000000,29383,7166.513700000,0,12.000000000,3,0.000000000,0.000000000,0.000000000,256929,0.000000000,4333.000000000,0.000000000,1.580000000,1,2.000000000,2,0.000000000,4333.000000000,0.000000000,31.000000000,4.000000000,1,2.220000000,1.000000000,0.058000000,7.064000000,7.171000000
196,4567,4,243900.000000000,29383,7166.513700000,0,12.000000000,3,0.000000000,0.000000000,0.000000000,256929,0.000000000,4333.000000000,0.000000000,1.580000000,1,2.000000000,2,0.000000000,4333.000000000,0.000000000,31.000000000,4.000000000,1,2.220000000,1.000000000,0.058000000,7.064000000,7.171000000
197,4582,1,129700.000000000,5400,700.380000000,0,10.000000000,3,0.000000000,0.000000000,0.000000000,112000,0.000000000,3333.000000000,0.000000000,1.790000000,1,2.000000000,1,0.000000000,3333.000000000,0.000000000,74.000000000,4.000000000,1,2.000000000,1.000000000,0.045000000,3.183000000,7.500000000
198,4582,2,129700.000000000,7560,980.532000000,0,10.000000000,3,0.000000000,0.000000000,0.000000000,156800,0.000000000,3333.000000000,0.000000000,1.790000000,1,2.000000000,1,0.000000000,3333.000000000,0.000000000,74.000000000,4.000000000,1,2.000000000,1.000000000,0.032000000,2.274000000,5.357000000
199,4582,3,129700.000000000,11772,1526.828400000,0,10.000000000,3,0.000000000,0.000000000,0.000000000,244160,0.000000000,3333.000000000,0.000000000,1.790000000,1,2.000000000,2,0.000000000,3333.000000000,0.000000000,74.000000000,4.000000000,1,2.000000000,1.000000000,0.041000000,2.920000000,6.881000000
200,4582,4,129700.000000000,11772,1526.828400000,0,10.000000000,3,0.000000000,0.000000000,0.000000000,244160,0.000000000,3333.000000000,0.000000000,1.790000000,1,2.000000000,2,0.000000000,3333.000000000,0.000000000,74.000000000,4.000000000,1,2.000000000,1.000000000,0.041000000,2.920000000,6.881000000
201,4586,1,5869.200000000,11927,70.001948400,0,5.000000000,3,8.000000000,0.000000000,0.000000000,174312,0.000000000,6098.000000000,0.000000000,1.320000000,1,2.000000000,2,0.000000000,5556.000000000,0.000000000,19.000000000,4.000000000,0,1.000000000,1.000000000,0.073000000,7.751000000,5.995000000
202,4586,2,5869.200000000,16697,97.998032400,0,5.000000000,3,8.000000000,0.000000000,0.000000000,244037,0.000000000,6098.000000000,0.000000000,1.320000000,1,2.000000000,2,0.000000000,5556.000000000,0.000000000,19.000000000,4.000000000,0,1.000000000,1.000000000,0.052000000,5.537000000,4.282000000
203,4586,3,5869.200000000,26000,152.599200000,0,5.000000000,3,8.000000000,0.000000000,0.000000000,380000,0.000000000,6098.000000000,0.000000000,1.320000000,1,2.000000000,3,0.000000000,5556.000000000,0.000000000,19.000000000,4.000000000,0,1.000000000,1.000000000,0.067000000,7.111000000,5.500000000
204,4586,4,5869.200000000,26000,152.599200000,0,5.000000000,3,8.000000000,0.000000000,0.000000000,380000,0.000000000,6098.000000000,0.000000000,1.320000000,1,2.000000000,3,0.000000000,5556.000000000,0.000000000,19.000000000,4.000000000,0,1.000000000,1.000000000,0.067000000,7.111000000,5.500000000
205,4591,1,23627.000000000,4954,117.048158000,0,13.000000000,3,0.000000000,0.000000000,0.000000000,100917,0.000000000,6841.000000000,0.000000000,1.280000000,1,2.000000000,1,0.000000000,4007.000000000,0.000000000,26.000000000,4.000000000,0,1.000000000,1.000000000,0.296000000,13.703000000,2.336000000
206,4591,2,23627.000000000,6936,163.876872000,0,13.000000000,3,0.000000000,0.000000000,0.000000000,141284,0.000000000,6841.000000000,0.000000000,1.280000000,1,2.000000000,1,0.000000000,4007.000000000,0.000000000,26.000000000,4.000000000,0,1.000000000,1.000000000,0.211000000,9.788000000,1.668000000
207,4591,3,23627.000000000,10800,255.171600000,0,13.000000000,3,0.000000000,0.000000000,0.000000000,220000,0.000000000,6841.000000000,0.000000000,1.280000000,1,2.000000000,2,0.000000000,4007.000000000,0.000000000,26.000000000,4.000000000,0,1.000000000,1.000000000,0.271000000,12.571000000,2.143000000
208,4591,4,23627.000000000,10800,255.171600000,0,13.000000000,3,0.000000000,0.000000000,0.000000000,220000,0.000000000,6841.000000000,0.000000000,1.280000000,1,2.000000000,2,0.000000000,4007.000000000,0.000000000,26.000000000,4.000000000,0,1.000000000,1.000000000,0.271000000,12.571000000,2.143000000
209,4594,1,131000.000000000,4500,589.500000000,0,15.000000000,3,0.000000000,0.000000000,0.000000000,128000,0.000000000,5232.000000000,0.000000000,1.880000000,1,2.000000000,1,0.000000000,5232.000000000,0.000000000,53.000000000,4.000000000,0,1.000000000,1.000000000,0.205000000,20.700000000,4.500000000
210,4594,2,131000.000000000,6300,825.300000000,0,15.000000000,3,0.000000000,0.000000000,0.000000000,179200,0.000000000,5232.000000000,0.000000000,1.880000000,1,2.000000000,1,0.000000000,5232.000000000,0.000000000,53.000000000,4.000000000,0,1.000000000,1.000000000,0.146000000,14.786000000,3.214000000
211,4594,3,131000.000000000,9810,1285.110000000,0,15.000000000,3,0.000000000,0.000000000,0.000000000,279040,0.000000000,5232.000000000,0.000000000,1.880000000,1,2.000000000,2,0.000000000,5232.000000000,0.000000000,53.000000000,4.000000000,0,1.000000000,1.000000000,0.205000000,20.700000000,4.500000000
212,4594,4,131000.000000000,9810,1285.110000000,0,15.000000000,3,0.000000000,0.000000000,0.000000000,279040,0.000000000,5232.000000000,0.000000000,1.880000000,1,2.000000000,2,0.000000000,5232.000000000,0.000000000,53.000000000,4.000000000,0,1.000000000,1.000000000,0.205000000,20.700000000,4.500000000
213,4613,1,11667.000000000,6881,80.280627000,0,10.000000000,3,20.000000000,0.000000000,0.000000000,119266,0.000000000,5152.000000000,0.000000000,1.310000000,1,2.000000000,1,0.000000000,5152.000000000,0.000000000,23.000000000,4.000000000,0,1.000000000,1.000000000,0.099000000,11.561000000,6.606000000
214,4613,2,11667.000000000,9633,112.388211000,0,10.000000000,3,20.000000000,0.000000000,0.000000000,166972,0.000000000,5152.000000000,0.000000000,1.310000000,1,2.000000000,1,0.000000000,5152.000000000,0.000000000,23.000000000,4.000000000,0,1.000000000,1.000000000,0.071000000,8.258000000,4.719000000
215,4613,3,11667.000000000,15000,175.005000000,0,10.000000000,3,20.000000000,0.000000000,0.000000000,260000,0.000000000,5152.000000000,0.000000000,1.310000000,1,2.000000000,2,0.000000000,5152.000000000,0.000000000,23.000000000,4.000000000,0,1.000000000,1.000000000,0.091000000,10.606000000,6.061000000
216,4613,4,11667.000000000,15000,175.005000000,0,10.000000000,3,20.000000000,0.000000000,0.000000000,260000,0.000000000,5152.000000000,0.000000000,1.310000000,1,2.000000000,2,0.000000000,5152.000000000,0.000000000,23.000000000,4.000000000,0,1.000000000,1.000000000,0.091000000,10.606000000,6.061000000
217,4616,1,378810.000000000,11284,4274.492040000,0,5.000000000,3,10.000000000,0.000000000,0.000000000,206422,0.000000000,7000.000000000,0.000000000,1.400000000,1,2.000000000,1,0.000000000,7000.000000000,0.000000000,53.000000000,4.000000000,1,2.050000000,1.000000000,0.291000000,9.689000000,4.118000000
218,4616,2,378810.000000000,15798,5984.440380000,0,5.000000000,3,10.000000000,0.000000000,0.000000000,288991,0.000000000,7000.000000000,0.000000000,1.400000000,1,2.000000000,1,0.000000000,7000.000000000,0.000000000,53.000000000,4.000000000,1,2.050000000,1.000000000,0.208000000,6.921000000,2.941000000
219,4616,3,378810.000000000,24600,9318.726000000,0,5.000000000,3,10.000000000,0.000000000,0.000000000,450000,0.000000000,7000.000000000,0.000000000,1.400000000,1,2.000000000,2,0.000000000,7000.000000000,0.000000000,53.000000000,4.000000000,1,2.050000000,1.000000000,0.039000000,4.444000000,1.444000000
220,4616,4,378810.000000000,24600,9318.726000000,0,5.000000000,3,10.000000000,0.000000000,0.000000000,450000,0.000000000,7000.000000000,0.000000000,1.400000000,1,2.000000000,2,0.000000000,7000.000000000,0.000000000,53.000000000,4.000000000,1,2.050000000,1.000000000,0.039000000,4.444000000,1.444000000
221,4627,1,900000.000000000,4286,3857.400000000,0,5.000000000,2,0.000000000,0.000000000,0.000000000,71429,0.000000000,4750.000000000,0.000000000,1.900000000,1,2.000000000,2,0.000000000,3455.000000000,0.000000000,32.000000000,4.000000000,0,1.000000000,1.000000000,0.463000000,11.709000000,3.182000000
222,4627,2,900000.000000000,6000,5400.000000000,0,5.000000000,2,0.000000000,0.000000000,0.000000000,100000,0.000000000,4750.000000000,0.000000000,1.900000000,1,2.000000000,2,0.000000000,3455.000000000,0.000000000,32.000000000,4.000000000,0,1.000000000,1.000000000,0.331000000,8.364000000,2.273000000
223,4627,3,900000.000000000,9343,8408.700000000,0,5.000000000,2,0.000000000,0.000000000,0.000000000,155714,0.000000000,4750.000000000,0.000000000,1.900000000,1,2.000000000,4,0.000000000,3455.000000000,0.000000000,32.000000000,4.000000000,0,1.000000000,1.000000000,0.425000000,10.742000000,2.919000000
224,4627,4,900000.000000000,9343,8408.700000000,0,5.000000000,2,0.000000000,0.000000000,0.000000000,155714,0.000000000,4750.000000000,0.000000000,1.900000000,1,2.000000000,4,0.000000000,3455.000000000,0.000000000,32.000000000,4.000000000,0,1.000000000,1.000000000,0.425000000,10.742000000,2.919000000
225,4630,1,589000.000000000,1357,799.273000000,0,5.000000000,2,0.000000000,0.000000000,0.000000000,85714,0.000000000,5263.000000000,0.000000000,1.670000000,1,2.000000000,1,0.000000000,4000.000000000,0.000000000,105.000000000,4.000000000,0,1.000000000,1.000000000,0.336000000,11.200000000,4.760000000
226,4630,2,589000.000000000,1900,1119.100000000,0,5.000000000,2,0.000000000,0.000000000,0.000000000,120000,0.000000000,5263.000000000,0.000000000,1.670000000,1,2.000000000,1,0.000000000,4000.000000000,0.000000000,105.000000000,4.000000000,0,1.000000000,1.000000000,0.240000000,8.000000000,3.400000000
227,4630,3,589000.000000000,2959,1742.851000000,0,5.000000000,2,0.000000000,0.000000000,0.000000000,186857,0.000000000,5263.000000000,0.000000000,1.670000000,1,2.000000000,2,0.000000000,4000.000000000,0.000000000,105.000000000,4.000000000,0,1.000000000,1.000000000,0.308000000,10.275000000,4.367000000
228,4630,4,589000.000000000,2959,1742.851000000,0,5.000000000,2,0.000000000,0.000000000,0.000000000,186857,0.000000000,5263.000000000,0.000000000,1.670000000,1,2.000000000,2,0.000000000,4000.000000000,0.000000000,105.000000000,4.000000000,0,1.000000000,1.000000000,0.308000000,10.275000000,4.367000000
229,4637,1,3168.760000000,1857,5.884387320,0,5.000000000,2,4.000000000,0.000000000,0.000000000,67600,0.000000000,5824.000000000,0.000000000,1.540000000,1,2.000000000,1,0.000000000,3832.000000000,0.000000000,56.000000000,4.000000000,0,1.000000000,1.000000000,0.044000000,4.495000000,7.921000000
230,4637,2,3168.760000000,2600,8.238776000,0,5.000000000,2,4.000000000,0.000000000,0.000000000,94640,0.000000000,5824.000000000,0.000000000,1.540000000,1,2.000000000,1,0.000000000,3832.000000000,0.000000000,56.000000000,4.000000000,0,1.000000000,1.000000000,0.032000000,3.211000000,5.658000000
231,4637,3,3168.760000000,4049,12.830309240,0,5.000000000,2,4.000000000,0.000000000,0.000000000,147368,0.000000000,5824.000000000,0.000000000,1.540000000,1,2.000000000,2,0.000000000,3832.000000000,0.000000000,56.000000000,4.000000000,0,1.000000000,1.000000000,0.041000000,4.124000000,7.267000000
232,4637,4,3168.760000000,4049,12.830309240,0,5.000000000,2,4.000000000,0.000000000,0.000000000,147368,0.000000000,5824.000000000,0.000000000,1.540000000,1,2.000000000,2,0.000000000,3832.000000000,0.000000000,56.000000000,4.000000000,0,1.000000000,1.000000000,0.041000000,4.124000000,7.267000000
233,4645,1,8763.100000000,4800,42.062880000,0,10.000000000,2,0.000000000,0.000000000,0.000000000,117300,0.000000000,4692.000000000,0.000000000,2.000000000,1,2.000000000,2,0.000000000,4106.000000000,0.000000000,49.000000000,4.000000000,0,1.000000000,1.000000000,0.035000000,2.030000000,0.578000000
234,4645,2,8763.100000000,6720,58.888032000,0,10.000000000,2,0.000000000,0.000000000,0.000000000,164220,0.000000000,4692.000000000,0.000000000,2.000000000,1,2.000000000,2,0.000000000,4106.000000000,0.000000000,49.000000000,4.000000000,0,1.000000000,1.000000000,0.025000000,1.450000000,0.413000000
235,4645,3,8763.100000000,10464,91.697078400,0,10.000000000,2,0.000000000,0.000000000,0.000000000,255714,0.000000000,4692.000000000,0.000000000,2.000000000,1,2.000000000,4,0.000000000,4106.000000000,0.000000000,49.000000000,4.000000000,0,1.000000000,1.000000000,0.032000000,1.862000000,0.530000000
236,4645,4,8763.100000000,10464,91.697078400,0,10.000000000,2,0.000000000,0.000000000,0.000000000,255714,0.000000000,4692.000000000,0.000000000,2.000000000,1,2.000000000,4,0.000000000,4106.000000000,0.000000000,49.000000000,4.000000000,0,1.000000000,1.000000000,0.032000000,1.862000000,0.530000000
237,4668,1,405000.000000000,9514,3853.170000000,0,5.000000000,2,0.000000000,0.000000000,0.000000000,71429,0.000000000,4750.000000000,0.000000000,1.900000000,1,2.000000000,2,0.000000000,3455.000000000,0.000000000,32.000000000,4.000000000,1,2.220000000,1.000000000,0.463000000,11.709000000,3.182000000
238,4668,2,405000.000000000,13320,5394.600000000,0,5.000000000,2,0.000000000,0.000000000,0.000000000,100000,0.000000000,4750.000000000,0.000000000,1.900000000,1,2.000000000,2,0.000000000,3455.000000000,0.000000000,32.000000000,4.000000000,1,2.220000000,1.000000000,0.331000000,8.364000000,2.273000000
239,4668,3,405000.000000000,20741,8400.105000000,0,5.000000000,2,0.000000000,0.000000000,0.000000000,155714,0.000000000,4750.000000000,0.000000000,1.900000000,1,2.000000000,4,0.000000000,3455.000000000,0.000000000,32.000000000,4.000000000,1,2.220000000,1.000000000,0.425000000,10.742000000,2.919000000
240,4668,4,405000.000000000,20741,8400.105000000,0,5.000000000,2,0.000000000,0.000000000,0.000000000,155714,0.000000000,4750.000000000,0.000000000,1.900000000,1,2.000000000,4,0.000000000,3455.000000000,0.000000000,32.000000000,4.000000000,1,2.220000000,1.000000000,0.425000000,10.742000000,2.919000000
241,4683,1,45249.000000000,7798,352.851702000,0,5.000000000,3,0.000000000,0.000000000,0.000000000,155046,0.000000000,6379.000000000,0.000000000,1.620000000,1,2.000000000,2,0.000000000,6379.000000000,0.000000000,32.000000000,4.000000000,0,1.000000000,1.000000000,0.234000000,31.686000000,12.294000000
242,4683,2,45249.000000000,10917,493.983333000,0,5.000000000,3,0.000000000,0.000000000,0.000000000,217064,0.000000000,6379.000000000,0.000000000,1.620000000,1,2.000000000,2,0.000000000,6379.000000000,0.000000000,32.000000000,4.000000000,0,1.000000000,1.000000000,0.167000000,22.633000000,8.782000000
243,4683,3,45249.000000000,17000,769.233000000,0,5.000000000,3,0.000000000,0.000000000,0.000000000,338000,0.000000000,6379.000000000,0.000000000,1.620000000,1,2.000000000,4,0.000000000,6379.000000000,0.000000000,32.000000000,4.000000000,0,1.000000000,1.000000000,0.215000000,29.070000000,11.279000000
244,4683,4,45249.000000000,17000,769.233000000,0,5.000000000,3,0.000000000,0.000000000,0.000000000,338000,0.000000000,6379.000000000,0.000000000,1.620000000,1,2.000000000,4,0.000000000,6379.000000000,0.000000000,32.000000000,4.000000000,0,1.000000000,1.000000000,0.215000000,29.070000000,11.279000000
245,4690,1,841710.000000000,5505,4633.613550000,0,5.000000000,3,10.000000000,0.000000000,0.000000000,206422,0.000000000,7000.000000000,0.000000000,1.400000000,1,2.000000000,1,0.000000000,7000.000000000,0.000000000,53.000000000,4.000000000,0,1.000000000,1.000000000,0.291000000,9.689000000,4.118000000
246,4690,2,841710.000000000,7706,6486.217260000,0,5.000000000,3,10.000000000,0.000000000,0.000000000,288991,0.000000000,7000.000000000,0.000000000,1.400000000,1,2.000000000,1,0.000000000,7000.000000000,0.000000000,53.000000000,4.000000000,0,1.000000000,1.000000000,0.208000000,6.921000000,2.941000000
247,4690,3,841710.000000000,12000,10100.520000000,0,5.000000000,3,10.000000000,0.000000000,0.000000000,450000,0.000000000,7000.000000000,0.000000000,1.400000000,1,2.000000000,2,0.000000000,7000.000000000,0.000000000,53.000000000,4.000000000,0,1.000000000,1.000000000,0.039000000,4.444000000,1.444000000
248,4690,4,841710.000000000,12000,10100.520000000,0,5.000000000,3,10.000000000,0.000000000,0.000000000,450000,0.000000000,7000.000000000,0.000000000,1.400000000,1,2.000000000,2,0.000000000,7000.000000000,0.000000000,53.000000000,4.000000000,0,1.000000000,1.000000000,0.039000000,4.444000000,1.444000000
249,4725,1,65000.000000000,9000,585.000000000,0,15.000000000,3,0.000000000,0.000000000,0.000000000,128000,0.000000000,5232.000000000,0.000000000,1.880000000,1,2.000000000,1,0.000000000,5232.000000000,0.000000000,53.000000000,4.000000000,1,2.000000000,1.000000000,0.205000000,20.700000000,4.500000000
250,4725,2,65000.000000000,12600,819.000000000,0,15.000000000,3,0.000000000,0.000000000,0.000000000,179200,0.000000000,5232.000000000,0.000000000,1.880000000,1,2.000000000,1,0.000000000,5232.000000000,0.000000000,53.000000000,4.000000000,1,2.000000000,1.000000000,0.146000000,14.786000000,3.214000000
251,4725,3,65000.000000000,19620,1275.300000000,0,15.000000000,3,0.000000000,0.000000000,0.000000000,279040,0.000000000,5232.000000000,0.000000000,1.880000000,1,2.000000000,2,0.000000000,5232.000000000,0.000000000,53.000000000,4.000000000,1,2.000000000,1.000000000,0.205000000,20.700000000,4.500000000
252,4725,4,65000.000000000,19620,1275.300000000,0,15.000000000,3,0.000000000,0.000000000,0.000000000,279040,0.000000000,5232.000000000,0.000000000,1.880000000,1,2.000000000,2,0.000000000,5232.000000000,0.000000000,53.000000000,4.000000000,1,2.000000000,1.000000000,0.205000000,20.700000000,4.500000000
253,4727,1,5335.700000000,13119,69.999048300,0,5.000000000,3,8.000000000,0.000000000,0.000000000,174312,0.000000000,6098.000000000,0.000000000,1.320000000,1,2.000000000,2,0.000000000,5556.000000000,0.000000000,19.000000000,4.000000000,1,1.100000000,1.000000000,0.073000000,7.751000000,5.995000000
254,4727,2,5335.700000000,18367,98.000801900,0,5.000000000,3,8.000000000,0.000000000,0.000000000,244037,0.000000000,6098.000000000,0.000000000,1.320000000,1,2.000000000,2,0.000000000,5556.000000000,0.000000000,19.000000000,4.000000000,1,1.100000000,1.000000000,0.052000000,5.537000000,4.282000000
255,4727,3,5335.700000000,28600,152.601020000,0,5.000000000,3,8.000000000,0.000000000,0.000000000,380000,0.000000000,6098.000000000,0.000000000,1.320000000,1,2.000000000,3,0.000000000,5556.000000000,0.000000000,19.000000000,4.000000000,1,1.100000000,1.000000000,0.067000000,7.111000000,5.500000000
256,4727,4,5335.700000000,28600,152.601020000,0,5.000000000,3,8.000000000,0.000000000,0.000000000,380000,0.000000000,6098.000000000,0.000000000,1.320000000,1,2.000000000,3,0.000000000,5556.000000000,0.000000000,19.000000000,4.000000000,1,1.100000000,1.000000000,0.067000000,7.111000000,5.500000000
257,4730,1,14934.000000000,6969,104.075046000,0,10.000000000,3,0.000000000,0.000000000,0.000000000,182571,0.000000000,5601.000000000,0.000000000,1.620000000,1,2.000000000,2,0.000000000,5601.000000000,0.000000000,89.000000000,4.000000000,1,2.089974000,1.000000000,0.030000000,5.941000000,8.514000000
258,4730,2,14934.000000000,9756,145.696104000,0,10.000000000,3,0.000000000,0.000000000,0.000000000,255600,0.000000000,5601.000000000,0.000000000,1.620000000,1,2.000000000,2,0.000000000,5601.000000000,0.000000000,89.000000000,4.000000000,1,2.089974000,1.000000000,0.030000000,5.946000000,8.514000000
259,4730,3,14934.000000000,15191,226.862394000,0,10.000000000,3,0.000000000,0.000000000,0.000000000,398006,0.000000000,5601.000000000,0.000000000,1.620000000,1,2.000000000,3,0.000000000,5601.000000000,0.000000000,89.000000000,4.000000000,1,2.089974000,1.000000000,0.027000000,5.450000000,7.811000000
260,4730,4,14934.000000000,15191,226.862394000,0,10.000000000,3,0.000000000,0.000000000,0.000000000,398006,0.000000000,5601.000000000,0.000000000,1.620000000,1,2.000000000,3,0.000000000,5601.000000000,0.000000000,89.000000000,4.000000000,1,2.089974000,1.000000000,0.038000000,7.637000000,10.935000000
261,4742,1,34193.000000000,14500,495.798500000,0,10.000000000,3,0.000000000,0.000000000,0.000000000,168000,0.000000000,5833.000000000,0.000000000,1.670000000,1,2.000000000,2,0.000000000,4667.000000000,0.000000000,19.000000000,4.000000000,0,1.000000000,1.000000000,0.050000000,6.667000000,2.667000000
262,4742,2,34193.000000000,20300,694.117900000,0,10.000000000,3,0.000000000,0.000000000,0.000000000,235200,0.000000000,5833.000000000,0.000000000,1.670000000,1,2.000000000,2,0.000000000,4667.000000000,0.000000000,19.000000000,4.000000000,0,1.000000000,1.000000000,0.036000000,4.762000000,1.905000000
263,4742,3,34193.000000000,31610,1080.840730000,0,10.000000000,3,0.000000000,0.000000000,0.000000000,366240,0.000000000,5833.000000000,0.000000000,1.670000000,1,2.000000000,5,0.000000000,4667.000000000,0.000000000,19.000000000,4.000000000,0,1.000000000,1.000000000,0.046000000,6.116000000,2.446000000
264,4742,4,34193.000000000,31610,1080.840730000,0,10.000000000,3,0.000000000,0.000000000,0.000000000,366240,0.000000000,5833.000000000,0.000000000,1.670000000,1,2.000000000,5,0.000000000,4667.000000000,0.000000000,19.000000000,4.000000000,0,1.000000000,1.000000000,0.046000000,6.116000000,2.446000000
265,4758,1,17097.000000000,29000,495.813000000,0,10.000000000,3,0.000000000,0.000000000,0.000000000,168000,0.000000000,5833.000000000,0.000000000,1.670000000,1,2.000000000,2,0.000000000,4667.000000000,0.000000000,19.000000000,4.000000000,1,2.000000000,1.000000000,0.050000000,6.667000000,2.667000000
266,4758,2,17097.000000000,40600,694.138200000,0,10.000000000,3,0.000000000,0.000000000,0.000000000,235200,0.000000000,5833.000000000,0.000000000,1.670000000,1,2.000000000,2,0.000000000,4667.000000000,0.000000000,19.000000000,4.000000000,1,2.000000000,1.000000000,0.036000000,4.762000000,1.905000000
267,4758,3,17097.000000000,63220,1080.872340000,0,10.000000000,3,0.000000000,0.000000000,0.000000000,366240,0.000000000,5833.000000000,0.000000000,1.670000000,1,2.000000000,5,0.000000000,4667.000000000,0.000000000,19.000000000,4.000000000,1,2.000000000,1.000000000,0.046000000,6.116000000,2.446000000
268,4758,4,17097.000000000,63220,1080.872340000,0,10.000000000,3,0.000000000,0.000000000,0.000000000,366240,0.000000000,5833.000000000,0.000000000,1.670000000,1,2.000000000,5,0.000000000,4667.000000000,0.000000000,19.000000000,4.000000000,1,2.000000000,1.000000000,0.046000000,6.116000000,2.446000000
269,4764,1,977190.000000000,5541,5414.609790000,0,5.000000000,3,14.000000000,0.000000000,0.000000000,204536,0.000000000,11828.000000000,0.000000000,1.650000000,1,2.000000000,2,0.000000000,9462.000000000,0.000000000,61.000000000,4.000000000,0,1.000000000,1.000000000,0.240000000,7.980000000,3.388000000
270,4764,2,977190.000000000,7758,7581.040020000,0,5.000000000,3,14.000000000,0.000000000,0.000000000,286350,0.000000000,11828.000000000,0.000000000,1.650000000,1,2.000000000,2,0.000000000,9462.000000000,0.000000000,61.000000000,4.000000000,0,1.000000000,1.000000000,0.240000000,8.000000000,3.400000000
271,4764,3,977190.000000000,12080,11804.455200000,0,5.000000000,3,14.000000000,0.000000000,0.000000000,445888,0.000000000,11828.000000000,0.000000000,1.650000000,1,2.000000000,3,0.000000000,9462.000000000,0.000000000,61.000000000,4.000000000,0,1.000000000,1.000000000,0.045000000,5.138000000,1.670000000
272,4764,4,977190.000000000,12080,11804.455200000,0,5.000000000,3,14.000000000,0.000000000,0.000000000,445888,0.000000000,11828.000000000,0.000000000,1.650000000,1,2.000000000,3,0.000000000,9462.000000000,0.000000000,61.000000000,4.000000000,0,1.000000000,1.000000000,0.045000000,5.138000000,1.670000000
273,4781,1,4489.000000000,8000,35.912000000,0,18.000000000,3,14.000000000,0.000000000,0.000000000,170000,0.000000000,6373.000000000,0.000000000,1.910000000,1,2.000000000,1,0.000000000,8125.000000000,0.000000000,41.000000000,4.000000000,0,1.000000000,1.000000000,0.076000000,21.789000000,10.550000000
274,4781,2,4489.000000000,11200,50.276800000,0,18.000000000,3,14.000000000,0.000000000,0.000000000,238000,0.000000000,6373.000000000,0.000000000,1.910000000,1,2.000000000,1,0.000000000,8125.000000000,0.000000000,41.000000000,4.000000000,0,1.000000000,1.000000000,0.054000000,15.564000000,7.536000000
275,4781,3,4489.000000000,17440,78.288160000,0,18.000000000,3,14.000000000,0.000000000,0.000000000,370600,0.000000000,6373.000000000,0.000000000,1.910000000,1,2.000000000,2,0.000000000,8125.000000000,0.000000000,41.000000000,4.000000000,0,1.000000000,1.000000000,0.076000000,21.789000000,10.550000000
276,4781,4,4489.000000000,17440,78.288160000,0,18.000000000,3,14.000000000,0.000000000,0.000000000,370600,0.000000000,6373.000000000,0.000000000,1.910000000,1,2.000000000,2,0.000000000,8125.000000000,0.000000000,41.000000000,4.000000000,0,1.000000000,1.000000000,0.076000000,21.789000000,10.550000000
277,4783,1,259040.000000000,2700,699.408000000,0,10.000000000,3,0.000000000,0.000000000,0.000000000,112000,0.000000000,3333.000000000,0.000000000,1.790000000,1,2.000000000,1,0.000000000,3333.000000000,0.000000000,74.000000000,4.000000000,0,1.000000000,1.000000000,0.045000000,3.183000000,7.500000000
278,4783,2,259040.000000000,3780,979.171200000,0,10.000000000,3,0.000000000,0.000000000,0.000000000,156800,0.000000000,3333.000000000,0.000000000,1.790000000,1,2.000000000,1,0.000000000,3333.000000000,0.000000000,74.000000000,4.000000000,0,1.000000000,1.000000000,0.032000000,2.274000000,5.357000000
279,4783,3,259040.000000000,5886,1524.709440000,0,10.000000000,3,0.000000000,0.000000000,0.000000000,244160,0.000000000,3333.000000000,0.000000000,1.790000000,1,2.000000000,2,0.000000000,3333.000000000,0.000000000,74.000000000,4.000000000,0,1.000000000,1.000000000,0.041000000,2.920000000,6.881000000
280,4783,4,259040.000000000,5886,1524.709440000,0,10.000000000,3,0.000000000,0.000000000,0.000000000,244160,0.000000000,3333.000000000,0.000000000,1.790000000,1,2.000000000,2,0.000000000,3333.000000000,0.000000000,74.000000000,4.000000000,0,1.000000000,1.000000000,0.041000000,2.920000000,6.881000000
281,5119,1,1584.420000000,3714,5.884535880,0,5.000000000,2,4.000000000,0.000000000,0.000000000,67600,0.000000000,5824.000000000,0.000000000,1.540000000,1,2.000000000,1,0.000000000,3832.000000000,0.000000000,56.000000000,4.000000000,1,2.000000000,1.000000000,0.044000000,4.495000000,7.921000000
282,5119,2,1584.420000000,5200,8.238984000,0,5.000000000,2,4.000000000,0.000000000,0.000000000,94640,0.000000000,5824.000000000,0.000000000,1.540000000,1,2.000000000,1,0.000000000,3832.000000000,0.000000000,56.000000000,4.000000000,1,2.000000000,1.000000000,0.032000000,3.211000000,5.658000000
283,5119,3,1584.420000000,8097,12.829048740,0,5.000000000,2,4.000000000,0.000000000,0.000000000,147368,0.000000000,5824.000000000,0.000000000,1.540000000,1,2.000000000,2,0.000000000,3832.000000000,0.000000000,56.000000000,4.000000000,1,2.000000000,1.000000000,0.041000000,4.124000000,7.267000000
284,5119,4,1584.420000000,8097,12.829048740,0,5.000000000,2,4.000000000,0.000000000,0.000000000,147368,0.000000000,5824.000000000,0.000000000,1.540000000,1,2.000000000,2,0.000000000,3832.000000000,0.000000000,56.000000000,4.000000000,1,2.000000000,1.000000000,0.041000000,4.124000000,7.267000000
285,8283,1,4012.000000000,7798,31.285576000,0,10.000000000,3,0.000000000,0.000000000,0.000000000,150459,0.000000000,10182.000000000,0.000000000,1.710000000,1,2.000000000,1,0.000000000,8000.000000000,0.000000000,66.000000000,4.000000000,1,2.000000000,1.000000000,0.083000000,8.253000000,6.696000000
286,8283,2,4012.000000000,10917,43.799004000,0,10.000000000,3,0.000000000,0.000000000,0.000000000,210642,0.000000000,10182.000000000,0.000000000,1.710000000,1,2.000000000,1,0.000000000,8000.000000000,0.000000000,66.000000000,4.000000000,1,2.000000000,1.000000000,0.059000000,5.895000000,4.783000000
287,8283,3,4012.000000000,17000,68.204000000,0,10.000000000,3,0.000000000,0.000000000,0.000000000,328000,0.000000000,10182.000000000,0.000000000,1.710000000,1,2.000000000,2,0.000000000,8000.000000000,0.000000000,66.000000000,4.000000000,1,2.000000000,1.000000000,0.076000000,7.571000000,6.143000000
288,8283,4,4012.000000000,17000,68.204000000,0,10.000000000,3,0.000000000,0.000000000,0.000000000,328000,0.000000000,10182.000000000,0.000000000,1.710000000,1,2.000000000,2,0.000000000,8000.000000000,0.000000000,66.000000000,4.000000000,1,2.000000000,1.000000000,0.076000000,7.571000000,6.143000000
289,9084,1,161326.000000000,13300,2145.635800000,0,5.000000000,3,0.000000000,0.000000000,0.000000000,148200,0.000000000,5038.000000000,0.000000000,1.800000000,1,2.000000000,2,0.000000000,3985.000000000,0.000000000,20.000000000,4.000000000,0,1.000000000,1.000000000,0.109000000,14.925000000,0.493000000
290,9084,2,161326.000000000,18620,3003.890120000,0,5.000000000,3,0.000000000,0.000000000,0.000000000,207480,0.000000000,5038.000000000,0.000000000,1.800000000,1,2.000000000,2,0.000000000,3985.000000000,0.000000000,20.000000000,4.000000000,0,1.000000000,1.000000000,0.078000000,10.661000000,0.352000000
291,9084,3,161326.000000000,28994,4677.486044000,0,5.000000000,3,0.000000000,0.000000000,0.000000000,323076,0.000000000,5038.000000000,0.000000000,1.800000000,1,2.000000000,4,0.000000000,3985.000000000,0.000000000,20.000000000,4.000000000,0,1.000000000,1.000000000,0.100000000,13.693000000,0.452000000
292,9084,4,161326.000000000,28994,4677.486044000,0,5.000000000,3,0.000000000,0.000000000,0.000000000,323076,0.000000000,5038.000000000,0.000000000,1.800000000,1,2.000000000,4,0.000000000,3985.000000000,0.000000000,20.000000000,4.000000000,0,1.000000000,1.000000000,0.100000000,13.693000000,0.452000000
293,9085,1,80663.000000000,26600,2145.635800000,0,5.000000000,3,0.000000000,0.000000000,0.000000000,148200,0.000000000,5038.000000000,0.000000000,1.800000000,1,2.000000000,2,0.000000000,3985.000000000,0.000000000,20.000000000,4.000000000,1,2.000000000,1.000000000,0.109000000,14.925000000,0.493000000
294,9085,2,80663.000000000,37240,3003.890120000,0,5.000000000,3,0.000000000,0.000000000,0.000000000,207480,0.000000000,5038.000000000,0.000000000,1.800000000,1,2.000000000,2,0.000000000,3985.000000000,0.000000000,20.000000000,4.000000000,1,2.000000000,1.000000000,0.078000000,10.661000000,0.352000000
295,9085,3,80663.000000000,57988,4677.486044000,0,5.000000000,3,0.000000000,0.000000000,0.000000000,323076,0.000000000,5038.000000000,0.000000000,1.800000000,1,2.000000000,4,0.000000000,3985.000000000,0.000000000,20.000000000,4.000000000,1,2.000000000,1.000000000,0.100000000,13.693000000,0.452000000
296,9085,4,80663.000000000,57988,4677.486044000,0,5.000000000,3,0.000000000,0.000000000,0.000000000,323076,0.000000000,5038.000000000,0.000000000,1.800000000,1,2.000000000,4,0.000000000,3985.000000000,0.000000000,20.000000000,4.000000000,1,2.000000000,1.000000000,0.100000000,13.693000000,0.452000000
297,9935,1,43125.000000000,24000,1035.000000000,0,16.000000000,3,7.000000000,0.000000000,0.000000000,156000,0.000000000,4552.000000000,0.000000000,1.690000000,1,2.000000000,2,0.000000000,4714.000000000,0.000000000,22.000000000,4.000000000,1,2.000000000,1.000000000,0.089000000,8.929000000,6.250000000
298,9935,2,43125.000000000,33600,1449.000000000,0,16.000000000,3,7.000000000,0.000000000,0.000000000,218400,0.000000000,4552.000000000,0.000000000,1.690000000,1,2.000000000,2,0.000000000,4714.000000000,0.000000000,22.000000000,4.000000000,1,2.000000000,1.000000000,0.064000000,6.378000000,4.464000000
299,9935,3,43125.000000000,52320,2256.300000000,0,16.000000000,3,7.000000000,0.000000000,0.000000000,340080,0.000000000,4552.000000000,0.000000000,1.690000000,1,2.000000000,4,0.000000000,4714.000000000,0.000000000,22.000000000,4.000000000,1,2.000000000,1.000000000,0.082000000,8.191000000,5.734000000
300,9935,4,43125.000000000,52320,2256.300000000,0,16.000000000,3,7.000000000,0.000000000,0.000000000,340080,0.000000000,4552.000000000,0.000000000,1.690000000,1,2.000000000,4,0.000000000,4714.000000000,0.000000000,22.000000000,4.000000000,1,2.000000000,1.000000000,0.082000000,8.191000000,5.734000000
301,9936,1,86250.000000000,12000,1035.000000000,0,16.000000000,3,7.000000000,0.000000000,0.000000000,156000,0.000000000,4552.000000000,0.000000000,1.690000000,1,2.000000000,2,0.000000000,4714.000000000,0.000000000,22.000000000,4.000000000,0,1.000000000,1.000000000,0.089000000,8.929000000,6.250000000
302,9936,2,86250.000000000,16800,1449.000000000,0,16.000000000,3,7.000000000,0.000000000,0.000000000,218400,0.000000000,4552.000000000,0.000000000,1.690000000,1,2.000000000,2,0.000000000,4714.000000000,0.000000000,22.000000000,4.000000000,0,1.000000000,1.000000000,0.064000000,6.378000000,4.464000000
303,9936,3,86250.000000000,26160,2256.300000000,0,16.000000000,3,7.000000000,0.000000000,0.000000000,340080,0.000000000,4552.000000000,0.000000000,1.690000000,1,2.000000000,4,0.000000000,4714.000000000,0.000000000,22.000000000,4.000000000,0,1.000000000,1.000000000,0.082000000,8.191000000,5.734000000
304,9936,4,86250.000000000,26160,2256.300000000,0,16.000000000,3,7.000000000,0.000000000,0.000000000,340080,0.000000000,4552.000000000,0.000000000,1.690000000,1,2.000000000,4,0.000000000,4714.000000000,0.000000000,22.000000000,4.000000000,0,1.000000000,1.000000000,0.082000000,8.191000000,5.734000000
305,9975,1,7966.200000000,3211,25.579468200,0,23.000000000,2,0.000000000,0.000000000,0.000000000,90596,0.000000000,3750.000000000,0.000000000,1.520000000,1,2.000000000,1,0.000000000,3125.000000000,0.000000000,43.000000000,4.000000000,0,1.000000000,1.000000000,0.115000000,11.354000000,17.713000000
306,9975,2,7966.200000000,4495,35.808069000,0,23.000000000,2,0.000000000,0.000000000,0.000000000,126835,0.000000000,3750.000000000,0.000000000,1.520000000,1,2.000000000,1,0.000000000,3125.000000000,0.000000000,43.000000000,4.000000000,0,1.000000000,1.000000000,0.082000000,8.110000000,12.652000000
307,9975,3,7966.200000000,7000,55.763400000,0,23.000000000,2,0.000000000,0.000000000,0.000000000,197500,0.000000000,3750.000000000,0.000000000,1.520000000,1,2.000000000,2,0.000000000,3125.000000000,0.000000000,43.000000000,4.000000000,0,1.000000000,1.000000000,0.105000000,10.417000000,16.250000000
308,9975,4,7966.200000000,7000,55.763400000,0,23.000000000,2,0.000000000,0.000000000,0.000000000,197500,0.000000000,3750.000000000,0.000000000,1.520000000,1,2.000000000,2,0.000000000,3125.000000000,0.000000000,43.000000000,4.000000000,0,1.000000000,1.000000000,0.105000000,10.417000000,16.250000000
309,9976,1,3983.100000000,6422,25.579468200,0,23.000000000,2,0.000000000,0.000000000,0.000000000,90596,0.000000000,3750.000000000,0.000000000,1.520000000,1,2.000000000,1,0.000000000,3125.000000000,0.000000000,43.000000000,4.000000000,1,2.000000000,1.000000000,0.115000000,11.354000000,17.713000000
310,9976,2,3983.100000000,8991,35.812052100,0,23.000000000,2,0.000000000,0.000000000,0.000000000,126835,0.000000000,3750.000000000,0.000000000,1.520000000,1,2.000000000,1,0.000000000,3125.000000000,0.000000000,43.000000000,4.000000000,1,2.000000000,1.000000000,0.082000000,8.110000000,12.652000000
311,9976,3,3983.100000000,14000,55.763400000,0,23.000000000,2,0.000000000,0.000000000,0.000000000,197500,0.000000000,3750.000000000,0.000000000,1.520000000,1,2.000000000,2,0.000000000,3125.000000000,0.000000000,43.000000000,4.000000000,1,2.000000000,1.000000000,0.105000000,10.417000000,16.250000000
312,9976,4,3983.100000000,14000,55.763400000,0,23.000000000,2,0.000000000,0.000000000,0.000000000,197500,0.000000000,3750.000000000,0.000000000,1.520000000,1,2.000000000,2,0.000000000,3125.000000000,0.000000000,43.000000000,4.000000000,1,2.000000000,1.000000000,0.105000000,10.417000000,16.250000000
313,4742,5,34193.000000000,6090,208.235370000,0,10.000000000,3,0.000000000,0.000000000,0.000000000,70560,0.000000000,5833.300000000,0.000000000,1.667000000,1,2.000000000,1,0.000000000,4666.700000000,0.000000000,19.310000000,4.000000000,0,1.000000000,1.000000000,0.060000000,7.940000000,3.170000000
314,4758,5,17097.000000000,12180,208.241460000,0,10.000000000,3,0.000000000,0.000000000,0.000000000,70560,0.000000000,5833.300000000,0.000000000,1.667000000,1,2.000000000,1,0.000000000,4666.700000000,0.000000000,19.310000000,4.000000000,1,2.000000000,1.000000000,0.060000000,7.940000000,3.170000000
315,26777,5,1014.000000000,840,0.851760000,0,15.000000000,3,0.000000000,0.000000000,0.000000000,30660,0.000000000,2666.666667000,0.000000000,3.287671000,1,2.000000000,1,0.000000000,2666.666667000,0.000000000,120.000000000,4.000000000,0,1.000000000,1.000000000,0.004666667,0.186666667,0.140000000
316,27119,1,37500.000000000,5200,195.000000000,0,18.000000000,3,20.000000000,0.000000000,0.000000000,87500,0.000000000,3083.300000000,0.000000000,2.114000000,1,2.000000000,2,0.000000000,2466.700000000,0.000000000,35.580000000,4.000000000,0,1.000000000,1.000000000,0.000000000,0.000000000,0.000000000
317,27120,1,25342.000000000,7300,184.996600000,0,18.000000000,3,20.000000000,0.000000000,0.000000000,87500,0.000000000,3083.300000000,0.000000000,2.114000000,1,2.000000000,2,0.000000000,2466.700000000,0.000000000,35.580000000,4.000000000,1,1.400000000,1.000000000,0.000000000,0.000000000,0.000000000
318,109930,2,24110.000000000,11000,265.210000000,0,8.000000000,3,24.000000000,0.000000000,0.000000000,176400,0.000000000,4825.000000000,0.000000000,1.640000000,1,2.000000000,3,0.000000000,3217.000000000,0.000000000,26.000000000,4.000000000,0,1.000000000,1.000000000,0.151000000,7.611000000,0.667000000
